rank,uri,artist_names,track_name,source,peak_rank,previous_rank,days_on_chart,streams
1,"spotify:track:0VjIjW4GlUZAMYd2vXMi3b","The Weeknd","Blinding Lights","Republic Records",1,1,166,"5100841"
2,"spotify:track:24Yi9hE78yPEbZ4kxyoXAI","SAINt JHN, Imanbek","Roses - Imanbek Remix","Columbia/B1 Recordings",2,3,151,"4461941"
3,"spotify:track:4NhDYoQTYCdWHTvlbGVgwo","6ix9ine","GOOBA","Scumgang Records",2,2,5,"4403406"
4,"spotify:track:466cKvZn1j45IpxDdYZqdA","Drake","Toosie Slide","OVO",1,4,40,"4227502"
5,"spotify:track:7ytR5pFWmSjzHJIeQkgog4","DaBaby, Roddy Ricch","ROCKSTAR (feat. Roddy Ricch)","South Coast Music Group/Interscope Records",5,7,26,"4222682"
6,"spotify:track:39Yp9wwQiSRIDOvrVg7mbk","THE SCOTTS, Travis Scott, Kid Cudi","THE SCOTTS","Cactus Jack / Epic",1,6,19,"4045158"
7,"spotify:track:4HBZA5flZLE435QTztThqH","Ariana Grande, Justin Bieber","Stuck with U (with Justin Bieber)","Ariana Grande & Justin Bieber ""Stuck With U""- Charity",1,5,5,"4002296"
8,"spotify:track:7eJMfftS33KTjuF7lTsMCx","Powfu, beabadoobee","death bed (coffee for your head)","Columbia",4,8,89,"3801117"
9,"spotify:track:3PfIrDoz19wz7qK7tYeu62","Dua Lipa","Don't Start Now","Urban",2,9,194,"3346473"
10,"spotify:track:22LAwLoDA5b4AaGSkg6bKW","Lil Mosey","Blueberry Faygo","Mogul Vision/Interscope Records",8,14,96,"2963984"
11,"spotify:track:0nbXyq5TXYPCO7pr3N8S4I","Roddy Ricch","The Box","Atlantic Records",1,12,153,"2935623"
12,"spotify:track:1rgnBhdG2JDFTbYkYRZAku","Tones And I","Dance Monkey","Elektra (NEK)",1,13,300,"2932189"
13,"spotify:track:4nK5YrxbMGZstTLbvj6Gxw","BENEE, Gus Dapperton","Supalonely","Republic Records",10,15,70,"2757153"
14,"spotify:track:017PF4Q3l4DBUiWoXk4OWT","Dua Lipa","Break My Heart","Urban",6,17,48,"2657382"
15,"spotify:track:4umIPjkehX1r7uhmGvXiSV","Justin Bieber, Quavo","Intentions (feat. Quavo)","RBMG/Def Jam",4,22,96,"2365578"
16,"spotify:track:3Dv1eDb0MEgF93GpLXlucZ","Doja Cat","Say So","Kemosabe Records/RCA Records",5,16,139,"2361621"
17,"spotify:track:2rRJrJEo19S2J82BDsQ3F7","Trevor Daniel","Falling","Alamo",5,23,178,"2261936"
18,"spotify:track:1Cv1YLb4q0RzL6pybtaMLo","Surfaces","Sunday Best","Surfaces Music / TenThousand Projects, LLC",12,24,116,"2243566"
19,"spotify:track:5XqCz18k96K8tx6DAYM97i","Bad Bunny, Don Omar","PA' ROMPERLA","Rimas Entertainment LLC",11,11,3,"2201623"
20,"spotify:track:62aP9fBQKYKxi7PDXwcUAS","Surf Mesa, Emilee","ily (i love you baby) (feat. Emilee)","Astralwerks",18,26,47,"2176931"
21,"spotify:track:0FktnzDqjClqU6iqOZVEs2","Bad Bunny","BYE ME FUI","Rimas Entertainment LLC",10,10,3,"2146362"
22,"spotify:track:7qEHsqek33rTcFNT9PFqLf","Lewis Capaldi","Someone You Loved","Vertigo Berlin",4,28,490,"2103914"
23,"spotify:track:5v4GgrXPMghOnBBLmveLac","Megan Thee Stallion, Beyoncé","Savage Remix (feat. Beyoncé)","300 Entertainment",11,29,14,"2067565"
24,"spotify:track:11VApNQCWLJdzxWrlmwzUa","Doja Cat, Nicki Minaj","Say So (feat. Nicki Minaj)","Kemosabe Records/RCA Records",24,59,12,"2020694"
25,"spotify:track:78qd8dvwea0Gosb6Fe6j3k","Doja Cat","Boss Bitch","Atlantic Records",18,32,72,"2006015"
26,"spotify:track:3Z8FwOEN59mRMxDCtb8N0A","Marshmello, Halsey","Be Kind (with Halsey)","Astralwerks",19,30,12,"1987949"
27,"spotify:track:21jGcNKet2qwijlDFuPiPb","Post Malone","Circles","Republic Records",1,34,257,"1974955"
28,"spotify:track:6gBFPUFcJLzWGx4lenP6h2","Travis Scott","goosebumps","Cactus Jack / Epic",10,33,1010,"1963730"
29,"spotify:track:0SqqAgdovOE24BzxIClpjw","Bad Bunny","Yo Perreo Sola","Rimas Entertainment LLC",16,31,74,"1946901"
30,"spotify:track:696DnlkuDOXcMAnKlTgXXK","Arizona Zervas","ROXANNE","Arizona Zervas",2,37,198,"1907563"
31,"spotify:track:1jaTQ3nqY3oAAYyCTbIvnM","Jack Harlow","WHATS POPPIN","Generation Now/Atlantic",24,39,100,"1907538"
32,"spotify:track:2xLMifQCjDGFmkHkpNLD9h","Travis Scott","SICKO MODE","Cactus Jack / Epic",2,38,647,"1876356"
33,"spotify:track:3pm4XtcsRIFFtH2UErk62R","Yandel, Bad Bunny","CANCIÓN CON YANDEL","Rimas Entertainment LLC",19,19,3,"1860932"
34,"spotify:track:4EJHKSnHENfjOxXWryyNtL","Bad Bunny, Zion & Lennox","MÁS DE UNA CITA","Rimas Entertainment LLC",18,18,3,"1857081"
35,"spotify:track:5bmSver2b3ZXyuyLKtgnFI","Bad Bunny, Nicky Jam","BAD CON NICKY","Rimas Entertainment LLC",20,20,3,"1850318"
36,"spotify:track:2DEZmgHKAvm41k4J3R2E9Y","Bad Bunny, Jowell & Randy, Ñengo Flow","Safaera","Rimas Entertainment LLC",7,36,74,"1846175"
37,"spotify:track:0OyQns5ayNK2OVaES0Vb8t","Juice WRLD","Righteous","Grade A Productions/Interscope Records",7,35,19,"1828570"
38,"spotify:track:7szuecWAPwGoV1e5vGu8tl","The Weeknd","In Your Eyes","Republic Records",4,40,54,"1802242"
39,"spotify:track:3jjujdWJ72nww5eGnfs2E7","Harry Styles","Adore You","Columbia",3,42,159,"1772010"
40,"spotify:track:2tFwfmceQa1Y6nRPhYbEtC","JHAYCO, Bad Bunny","CÓMO SE SIENTE - Remix","N&E Entertainment LLC",21,21,3,"1758227"
41,"spotify:track:4DpNNXFMMxQEKl7r0ykkWA","Melanie Martinez","Play Date","Atlantic Records",39,45,17,"1712593"
42,"spotify:track:3eekarcy7kvN4yt5ZFzltW","Travis Scott","HIGHEST IN THE ROOM","Cactus Jack/Epic",1,43,222,"1704114"
43,"spotify:track:7k4t7uLgtOxPwTpFmtJNTY","KAROL G, Nicki Minaj","Tusa","TUSA - Karol G & Nicki Minaj",3,44,187,"1697538"
44,"spotify:track:3AzjcOeAmA57TIOr9zF1ZW","Dua Lipa","Physical","Urban",8,47,102,"1649547"
45,"spotify:track:5yY9lUy8nbvjM1Uyo1Uqoc","Future, Drake","Life Is Good (feat. Drake)","Epic/Freebandz",3,48,124,"1609951"
46,"spotify:track:2gMXnyrvIjhVBUZwvLZDMP","Lewis Capaldi","Before You Go","Vertigo Berlin",17,49,175,"1599140"
47,"spotify:track:2b8fOow8UzyDFAE27YhOZM","Maroon 5","Memories","Interscope Records*",2,50,236,"1538100"
48,"spotify:track:2kJwzbxV2ppxnQoYw4GLBZ","JP Saxe, Julia Michaels","If the World Was Ending (feat. Julia Michaels)","Arista Records",37,51,179,"1510167"
49,"spotify:track:2Fxmhks0bxGSBdJ92vM42m","Billie Eilish","bad guy","Darkroom/Interscope Records",1,53,411,"1496656"
50,"spotify:track:527k23H0A4Q0UJN3vGs0Da","Don Toliver","After Party","We Run It Ent./Cactus Jack/Atlantic",50,60,27,"1478756"
51,"spotify:track:55CHeLEfn5iJ0IIkgaa4si","Megan Thee Stallion","Savage","300 Entertainment",15,54,55,"1475936"
52,"spotify:track:0jT8Nl0shPS8115is0wD2Q","Camilo","Favorito","Sony Music Latin",28,52,38,"1470630"
53,"spotify:track:2CoMYp2uIKsT09nreEZnZn","Bad Bunny","BENDICIONES","Rimas Entertainment LLC",27,27,3,"1451931"
54,"spotify:track:380HmhwTE2NJgawn1NwkXi","J Balvin","Rojo","UMLE - Latino",14,55,75,"1448415"
55,"spotify:track:3H7ihDc1dqLriiWXwsc2po","Topic, A7S","Breaking Me","Virgin",47,57,53,"1391695"
56,"spotify:track:5RqR4ZCCKJDcBLIn4sih9l","StaySolidRocky","Party Girl","Columbia",54,58,12,"1386333"
57,"spotify:track:6v3KW9xbzN5yKLt9YKDYA2","Shawn Mendes, Camila Cabello","Señorita","Island Records",1,56,327,"1383298"
58,"spotify:track:1zaDh3qaGSeSmulNyWlUxm","Bad Bunny","SI ELLA SALE","Rimas Entertainment LLC",25,25,3,"1351444"
59,"spotify:track:3ZCTVFBt2Brf31RLEnCkWJ","Billie Eilish","everything i wanted","Darkroom/Interscope Records",1,61,181,"1315413"
60,"spotify:track:7FIWs0pqAYbP91WWM0vlTQ","Eminem, Juice WRLD","Godzilla (feat. Juice WRLD)","Shady/Aftermath/Interscope Records",3,63,117,"1300836"
61,"spotify:track:2alc8VZAzDgdAsL2QMk3hu","DripReport","Skechers","Arista Records",32,65,59,"1251225"
62,"spotify:track:0RiRZpuVRbi7oqRdSMwhQY","Post Malone, Swae Lee","Sunflower - Spider-Man: Into the Spider-Verse","Republic Records",1,66,573,"1249155"
63,"spotify:track:6Kj17Afjo1OKJYpf5VzCeo","Drake, Playboi Carti","Pain 1993 (with Playboi Carti)","OVO",4,64,12,"1233616"
64,"spotify:track:4cSSL3YafYjM3yjgFO1vJg","NLE Choppa, Roddy Ricch","Walk Em Down (feat. Roddy Ricch)","Warner Records",48,71,54,"1230818"
65,"spotify:track:3goH7O78TLkV9RhCAyM4AT","Apache 207","Fame","Four Music Local",26,62,5,"1216093"
66,"spotify:track:0u2P5u6lvoDfwTYjAADbn4","Billie Eilish, Khalid","lovely (with Khalid)","Darkroom",19,67,752,"1205701"
67,"spotify:track:4TOmcZvw0gHa7GiXRbcYAW","Feid, Justin Quiles","PORFA","JP Entertainment (Jorge Pino)",51,69,39,"1172597"
68,"spotify:track:2tnVG71enUj33Ic2nFN6kZ","Regard","Ride It","Ministry of Sound Recordings",12,70,250,"1166926"
69,"spotify:track:3XZeOzJ9tqnu58YP6cqApI","Bad Bunny","RONCA FREESTYLE","Rimas Entertainment LLC",41,41,3,"1166292"
70,"spotify:track:6NfrH0ANGmgBXyxgV2PeXt","Bad Bunny","La Difícil","Rimas Entertainment LLC",4,68,74,"1140446"
71,"spotify:track:285pBltuF7vW8TeWk8hdRR","Juice WRLD","Lucid Dreams","Juice WRLD Mixtape / ISR P&D",2,74,731,"1110305"
72,"spotify:track:6zEgnpM0qYmHLDnh8WPejL","J Balvin","Amarillo","UMLE - Latino",17,73,54,"1104293"
73,"spotify:track:38RIEav39FGi86jppxO0du","Bad Bunny, Sech","Ignorantes","Rimas Entertainment LLC",4,72,89,"1096067"
74,"spotify:track:1fipvP2zmef6vN2IwXfJhY","Sam Smith, Demi Lovato","I’m Ready (with Demi Lovato)","PLG - Capitol",20,75,26,"1094754"
75,"spotify:track:7vgv8KZBSo0TPzyIWG9yzV","Ava Max","Salt","Atlantic Records",63,78,51,"1078883"
76,"spotify:track:7na7Bk98usp84FaOJFPv3d","Rauw Alejandro","Tattoo","(SME US Latin) Duars Entertainment, Corp. (2)",41,77,82,"1075200"
77,"spotify:track:7CHi4DtfK4heMlQaudCuHK","MEDUZA, Becky Hill, Goodboys","Lose Control","Virgin",27,80,208,"1069584"
78,"spotify:track:2DhNdoHxavs7Qtf5MnhZD0","Bad Bunny, Gabriela","EN CASITA","Rimas Entertainment LLC",46,46,3,"1069031"
79,"spotify:track:7aiClxsDWFRQ0Kzk5KI5ku","blackbear","hot girl bummer","Alamo",9,79,264,"1051252"
80,"spotify:track:41wtwzCZkXwpnakmwJ239F","Bad Bunny","Si Veo a Tu Mamá","Rimas Entertainment LLC",6,76,74,"1039740"
81,"spotify:track:0hVXuCcriWRGvwMV1r5Yn9","Ed Sheeran, Justin Bieber","I Don't Care (with Justin Bieber)","Atlantic Records UK",1,82,369,"1024007"
82,"spotify:track:50ZC4PM7hywH27RcCfViau","Rauw Alejandro, Dalex, Lenny Tavárez, Dímelo Flow","Elegí (feat. Dímelo Flow)","Sony Music Latin",72,83,40,"1000970"
83,"spotify:track:35KmOEIUqAGn02t7n4qaIr","J Balvin","Morado","UMLE - Latino",27,85,124,"991262"
84,"spotify:track:16wAOAZ2OkqoIDN7TpChjR","Justin Bieber","Yummy","RBMG/Def Jam",2,86,131,"975239"
85,"spotify:track:4wVOKKEHUJxHCFFNUWDn0B","Drake, GIVĒON","Chicago Freestyle (feat. Giveon)","OVO",8,84,12,"972612"
86,"spotify:track:3frUvGrmGcay91lvFbOgsN","Kygo, Zara Larsson, Tyga","Like It Is","Kygo",43,89,47,"954754"
87,"spotify:track:6cy3ki60hLwimwIje7tALf","Black Eyed Peas, J Balvin","RITMO (Bad Boys For Life)","Epic/We The Best",6,90,211,"954014"
88,"spotify:track:2wrJq5XKLnmhRXHIAf9xBa","Dan + Shay, Justin Bieber","10,000 Hours (with Justin Bieber)","Warner Music Nashville",5,87,222,"947997"
89,"spotify:track:0pYacDCZuRhcrwGUA5nTBe","IU, SUGA","eight(Prod.&Feat. SUGA of BTS)","EDAM Entertainment",30,81,7,"943823"
90,"spotify:track:3JHpk0DOTOzyh0777JFAky","Myke Towers","Diosa","2020 One World Music & Casablanca Records | Powered by GLAD Empire, LL",49,88,88,"942249"
91,"spotify:track:6xZ4Q2k2ompmDppyeESIY8","Twenty One Pilots","Level of Concern","Fueled By Ramen",24,92,34,"932116"
92,"spotify:track:07KXEDMj78x68D884wgVEm","Roddy Ricch, Mustard","High Fashion (feat. Mustard)","Atlantic Records",26,91,124,"927505"
93,"spotify:track:2VxeLyX666F8uXCJ0dZF8B","Lady Gaga, Bradley Cooper","Shallow","A Star is Born OST",2,95,593,"923689"
94,"spotify:track:3QzAOrNlsabgbMwlZt7TAY","Mustard, Roddy Ricch","Ballin' (with Roddy Ricch)","10 Summers Records/Interscope Records",35,94,219,"921481"
95,"spotify:track:43zdsphuZLzwA9k4DJhU0I","Billie Eilish","when the party's over","Darkroom/Interscope Records",7,93,574,"921020"
96,"spotify:track:4EivmOT13NMpNSfTKn9p4s","Doja Cat, Gucci Mane","Like That (feat. Gucci Mane)","Kemosabe Records/RCA Records",70,99,63,"912013"
97,"spotify:track:7IMwEtpAiJanqF6vQteZN2","NAV, Gunna, Travis Scott","Turks (with Gunna & ft. Travis Scott)","Republic Records",17,96,47,"911146"
98,"spotify:track:4HDCLYli2SUdkq9OjmvhSD","PARTYNEXTDOOR, Rihanna","BELIEVE IT","OVO Sound",16,100,47,"898716"
99,"spotify:track:14wf185UxfNbSy8dwt4r4q","Black Eyed Peas, Ozuna, J. Rey Soul","MAMACITA","Epic",82,106,25,"897534"
100,"spotify:track:7lidXGPXPYLNThITAOTlkK","Halsey","You should be sad","Capitol Records",16,101,124,"897089"
101,"spotify:track:4PV0uE5pZSh44E3NqNNDEH","Madison Beer","Selfish","Epic/Sing It Loud",77,97,40,"893764"
102,"spotify:track:6ocbgoVGwYJhOv1GgI9NsF","Ariana Grande","7 rings","Republic Records",1,105,481,"886554"
103,"spotify:track:70eFcWOvlMObDhURTqT4Fv","Ed Sheeran, Khalid","Beautiful People (feat. Khalid)","Atlantic Records UK",3,104,320,"884970"
104,"spotify:track:6ap9lSRJ0iLriGLqoJ44cq","24kGoldn","CITY OF ANGELS","Records/Columbia",52,102,82,"878470"
105,"spotify:track:3yOlyBJuViE2YSGn3nVE1K","Camila Cabello, DaBaby","My Oh My (feat. DaBaby)","Syco Music/Epic",14,108,159,"876829"
106,"spotify:track:0TrPqhAMoaKUFLR7iYDokf","Khalid, Disclosure","Know Your Worth","Right Hand Music Group, LLC/RCA Records",27,107,96,"874456"
107,"spotify:track:0pqnGHJpmpxLKifKRmU6WP","Imagine Dragons","Believer","Kid Ina Korner / Interscope",15,109,1195,"861557"
108,"spotify:track:2n7ohqg1s68ToAHh4u9mcW","Bad Bunny","Vete","Rimas Entertainment LLC",6,98,174,"860685"
109,"spotify:track:3kW4z2pIj5VY5fLjBrMRL5","Lil Uzi Vert","P2","Generation Now/Atlantic",16,114,68,"854470"
110,"spotify:track:3H3r2nKWa3Yk5gt8xgmsEt","Sam Fischer","This City","RCA Records Label",100,110,26,"854304"
111,"spotify:track:1ZMiCix7XSAbfAJlEZWMCp","Harry Styles","Falling","Columbia",18,111,146,"843710"
112,"spotify:track:0e7ipj03S05BNilyu5bRzt","Post Malone, 21 Savage","rockstar (feat. 21 Savage)","Republic Records",1,112,969,"840228"
113,"spotify:track:69vlMrzHwATKzupwNcUPyK","Bad Bunny, Daddy Yankee","La Santa","Rimas Entertainment LLC",10,103,74,"831251"
114,"spotify:track:61ZM92T2zaXIVsqncThQzC","Robin Schulz, Alida","In Your Eyes (feat. Alida)","WM Germany",81,118,61,"826524"
115,"spotify:track:7sQKy5vlPQllr0k9IjYJv3","Arcángel, Sech, Dímelo Flow","Sigues Con El","Rimas Entertainment LLC.",19,113,147,"824865"
116,"spotify:track:76nqCfJOcFFWBJN32PAksn","Ava Max","Kings & Queens","Atlantic Records",101,120,46,"817754"
117,"spotify:track:5stPVcRqb4qixbafP9e8lt","Dalex, Lenny Tavárez, Chencho Corleone, Juhn, Dímelo Flow","Hola - Remix","Rich Music",28,116,182,"815496"
118,"spotify:track:7m9OqQk4RVRkw9JJdeAw96","XXXTENTACION","Jocelyn Flores","Bad Vibes Forever / EMPIRE",2,115,957,"807441"
119,"spotify:track:6UelLqGlWMcVH1E5c4H7lY","Harry Styles","Watermelon Sugar","Columbia",5,121,178,"807256"
120,"spotify:track:3ee8Jmje8o58CHK66QrVC2","XXXTENTACION","SAD!","Bad Vibes Forever, LLC",1,119,801,"800585"
121,"spotify:track:2dpaYNEQHiRxtZbfNsse99","Marshmello, Bastille","Happier","Joytime Collective",2,122,635,"797716"
122,"spotify:track:1lOe9qE0vR9zwWQAOk6CoO","Lil Tecca","Ransom","Republic Records",3,117,345,"793340"
123,"spotify:track:4S2uhQE8L9V6p7rj7SiauJ","YNW Melly, Juice WRLD","Suicidal (feat. Juice WRLD) - Remix","P2020",67,124,61,"783770"
124,"spotify:track:5DqdesEfbRyOlSS3Tf6c29","Ali Gatie","It's You","Warner Records",27,123,334,"779071"
125,"spotify:track:56uXDJRCuoS7abX3SkzHKQ","Lil Uzi Vert","Myron","Generation Now/Atlantic",14,139,61,"774664"
126,"spotify:track:6Gg1gjgKi2AK4e0qzsR7sd","Juice WRLD, YoungBoy Never Broke Again","Bandit (with YoungBoy Never Broke Again)","Grade A Productions/Interscope Records",6,126,222,"774234"
127,"spotify:track:5uCax9HTNlzGybIStD3vDh","James Arthur","Say You Won't Let Go","Columbia",7,128,1220,"771511"
128,"spotify:track:6gi6y1xwmVszDWkUqab1qw","JACKBOYS, Travis Scott, Young Thug","OUT WEST (feat. Young Thug)","Cactus Jack/Epic",11,129,138,"771015"
129,"spotify:track:51Fjme0JiitpyXKuyQiCDo","Y2K, bbno$","Lalala","Columbia",4,127,327,"767398"
130,"spotify:track:7qiZfU4dY1lWllzX7mPBI3","Ed Sheeran","Shape of You","Atlantic Records UK",1,131,1221,"763708"
131,"spotify:track:6Hj9jySrnFppAI0sEMCZpJ","Juice WRLD","Robbery","Grade A Productions/Interscope Records",11,132,299,"759559"
132,"spotify:track:665AK0ovB11McZRwfa852G","Vicetone, Tony Igy","Astronomia","Columbia International",99,130,36,"757163"
133,"spotify:track:6FZDfxM3a3UCqtzo5pxSLZ","Halsey","Without Me","Capitol Records",3,133,585,"754429"
134,"spotify:track:7AzlLxHn24DxjgQX73F9fU","Don Toliver","No Idea","We Run It Ent./Cactus Jack/Atlantic",26,135,163,"754276"
135,"spotify:track:0fea68AdmYNygeTGI4RC18","J Balvin, Bad Bunny","LA CANCIÓN","Universal Music Latino / Rimas",16,125,320,"754240"
136,"spotify:track:4u7EnebtmKWzUH433cf5Qv","Queen","Bohemian Rhapsody - Remastered 2011","EMI",10,134,628,"746130"
137,"spotify:track:6Ozh9Ok6h4Oi1wUSLtBseN","DaBaby","BOP","South Coast Music Group/Interscope Records",21,137,229,"745458"
138,"spotify:track:0tgVpDi06FyKpA1z0VMD4v","Ed Sheeran","Perfect","Atlantic Records UK",3,138,1163,"744444"
139,"spotify:track:4wNIkl5XGiAACjFBlDWuSd","Jonas Brothers","What A Man Gotta Do","Republic Records",24,143,117,"734284"
140,"spotify:track:4l0Mvzj72xxOpRrp6h8nHi","Selena Gomez","Lose You To Love Me","Interscope Records",1,140,203,"732639"
141,"spotify:track:4Of7rzpRpV1mWRbhp5rAqG","Lewis Capaldi","Bruises","Vertigo Berlin",53,142,281,"725215"
142,"spotify:track:2lCkncy6bIB0LTMT7kvrD1","J Balvin","Azul","UMLE - Latino",37,141,54,"721280"
143,"spotify:track:6vBdBCoOhKHiYDDOcorfNo","Post Malone, Young Thug","Goodbyes (feat. Young Thug)","Republic Records",2,146,313,"720326"
144,"spotify:track:5m3jpKkgkfoMcym1qjToFg","Alex Rose, Rafa Pabön","Jangueo","Los Oidos Fresh/ Los Proximos",113,147,62,"714738"
145,"spotify:track:2ksOAxtIxY8yElEWw8RhgK","Anuel AA, Daddy Yankee, KAROL G, J Balvin, Ozuna","China","2019 Real Hasta La Muerte, LLC.",2,145,299,"710654"
146,"spotify:track:568OIKgeHyGRD3uWR44JbO","Migos","Racks 2 Skinny","Quality Control Music/Motown Records",146,-1,1,"710620"
147,"spotify:track:5iFwAOB2TFkPJk8sMlxP8g","PUBLIC","Make You Mine","Island Records",112,149,64,"704677"
148,"spotify:track:4ZLzoOkj0MPWrTLvooIuaa","Kina, Snøw","Get You The Moon (feat. Snøw)","Columbia",90,148,303,"703762"
149,"spotify:track:2iUXsYOEPhVqEBwsqP70rE","5 Seconds of Summer","Youngblood","Capitol",6,153,733,"698269"
150,"spotify:track:5qrSlOut2rNAWv3ubArkNy","Dean Lewis","Be Alright","Universal Music Australia Pty. Ltd.",12,151,624,"693769"
151,"spotify:track:4R8BJggjosTswLxtkw8V7P","JHAYCO, J Balvin, Bad Bunny","No Me Conoce - Remix","N&E Entertainment LLC",17,154,358,"693399"
152,"spotify:track:2p8IUWQDrpjuFltbdgLOag","The Weeknd","After Hours","Republic Records",4,155,84,"688645"
153,"spotify:track:4r9jkMEnArtWGH2rL2FZl0","Bad Bunny","A Tu Merced","Rimas Entertainment LLC",39,136,74,"685406"
154,"spotify:track:5a6pdCHlWS2ekOOQ70QnAr","Noah Cyrus","July","Records/Columbia",75,152,181,"684598"
155,"spotify:track:6bnF93Rx87YqUBLSgjiMU8","The Weeknd","Heartless","Republic Records",2,158,168,"683593"
156,"spotify:track:25sgk305KZfyuqVBQIahim","Ava Max","Sweet but Psycho","Atlantic Records",5,163,591,"681332"
157,"spotify:track:22vgEDb5hykfaTwLuskFGD","Jonas Brothers","Sucker","Jonas Brothers Recording",2,159,438,"680556"
158,"spotify:track:5ry2OE6R2zPQFDO85XkgRb","Drake, Rick Ross","Money In The Grave (Drake ft. Rick Ross)","Republic Records",4,160,331,"678056"
159,"spotify:track:2TH65lNHgvLxCKXM3apjxI","Bad Bunny, Tainy","Callaita","Rimas Entertainment LLC",5,150,348,"672760"
160,"spotify:track:6xcJyGpfZbuuiequtnlKt4","Travis Scott","BUTTERFLY EFFECT","Cactus Jack / Epic",30,161,492,"672234"
161,"spotify:track:7xQAfvXzm3AkraOtGPWIZg","Post Malone","Wow.","Republic Records",1,165,506,"671341"
162,"spotify:track:2YpeDb67231RjR0MgVLzsG","Lil Nas X, Billy Ray Cyrus","Old Town Road (feat. Billy Ray Cyrus) - Remix","Columbia",2,164,404,"670496"
163,"spotify:track:6K4t31amVTZDgR3sKmwUJJ","Tame Impala","The Less I Know The Better","Universal Music Australia Pty. Ltd.",139,167,115,"668811"
164,"spotify:track:3U4isOIWM3VvDubwSI3y7a","John Legend","All of Me","G.O.O.D. Music/Columbia",77,166,456,"665749"
165,"spotify:track:6mAN61JH0dzyZpWslS11jy","Rauw Alejandro, Farruko","Fantasias","(SME US Latin) Duars Entertainment, Corp. (2)",25,162,232,"665742"
166,"spotify:track:4SJHHpKhcuXwDsCsPqshXj","Rauw Alejandro, Chencho Corleone","El Efecto","Duars Entertainment, Corp.",162,174,7,"663231"
167,"spotify:track:2P91MQbaiQOfbiz9VqhqKQ","Lauv","I Like Me Better","Lauv",24,170,1043,"659408"
168,"spotify:track:3jT2LKH0RSbQ8jIUNFzXm5","G Herbo, Lil Uzi Vert, Juice WRLD, Chance the Rapper","PTSD","Machine Entertainment Group - G Herbo",107,156,50,"656849"
169,"spotify:track:2qxmye6gAegTMjLKEBoR3d","Alec Benjamin","Let Me Down Slowly","2018",21,168,474,"655962"
170,"spotify:track:3e9HZxeyfWwjeyPAMmWSSQ","Ariana Grande","thank u, next","Republic Records",1,173,543,"654863"
171,"spotify:track:2grAr8pWMuLWn8ZYEE9wDV","Tones And I","Never Seen the Rain","Elektra (NEK)",70,177,139,"653758"
172,"spotify:track:2nC3QhMI9reBIOWutbU3Tj","Ashe","Moral of the Story","Mom+Pop",33,169,83,"649494"
173,"spotify:track:4VgYtXCVJ7IbWAZ5ryfvEQ","Nicky Jam, Daddy Yankee","Muévelo","Sony Music Latin",35,179,124,"646074"
174,"spotify:track:2uIX8YMNjGMD7441kqyyNU","Billie Eilish","ocean eyes","Darkroom",87,175,464,"644869"
175,"spotify:track:0JP9xo3adEtGSdUEISiszL","XXXTENTACION","Moonlight","Bad Vibes Forever, LLC",2,176,762,"643989"
176,"spotify:track:4lMOQR1rRW5hJgJXOtKraL","Sech","Relación","Rich Music",161,178,11,"642269"
177,"spotify:track:1DFD5Fotzgn6yYXkYsKiGs","MEDUZA, Goodboys","Piece Of Your Heart","Virgin",13,180,393,"641090"
178,"spotify:track:6Qs4SXO9dwPj5GKvVOv8Ki","Sam Smith, Normani","Dancing With A Stranger (with Normani)","PLG - Capitol",6,181,485,"637370"
179,"spotify:track:7v8OynJxOxHoeS5C2UA9Y7","Capital Bra, Loredana","Nicht verdient","URBAN",35,171,13,"628958"
180,"spotify:track:1rqqCSm0Qe4I9rUvWncaom","Panic! At The Disco","High Hopes","DCD2 / Fueled By Ramen",8,184,664,"626328"
181,"spotify:track:7FGq80cy8juXBCD2nrqdWU","benny blanco, Halsey, Khalid","Eastside (with Halsey & Khalid)","Friends Keep Secrets/Interscope Records",3,185,665,"626016"
182,"spotify:track:6oJ6le65B3SEqPwMRNXWjY","Kygo, Whitney Houston","Higher Love","Kygo/RCA Records",25,193,307,"623747"
183,"spotify:track:2l8nEO0vsTRCRnGqQty6qx","6ix9ine, Nicki Minaj, Murda Beatz","FEFE (feat. Nicki Minaj & Murda Beatz)","ScumGang Records / TenThousand Projects, LLC",2,-1,211,"623395"
184,"spotify:track:7wBJfHzpfI3032CSD7CE2m","Travis Scott","STARGAZING","Cactus Jack / Epic",2,182,162,"623046"
185,"spotify:track:2bT1PH7Cw3J9p3t7nlXCdh","Shawn Mendes","If I Can't Have You","Island Records",3,187,344,"622083"
186,"spotify:track:58wyJLv6yH1La9NIZPl3ne","Kina, Adriana Proenza","Can We Kiss Forever?","Columbia",131,183,143,"619767"
187,"spotify:track:7dt6x5M1jzdTEt8oCbisTK","Post Malone","Better Now","Republic Records",1,191,743,"619101"
188,"spotify:track:6RUKPb4LETWmmr3iAEQktW","The Chainsmokers, Coldplay","Something Just Like This","Disruptor Records/Columbia",2,189,938,"615484"
189,"spotify:track:4zTPYAf5scZdp0LnwPPeWK","Sleepy Hallow, Fousheé","Deep End Freestyle","Winners Circle Entertainment Inc / EMPIRE",189,-1,1,"613965"
190,"spotify:track:74j34STf8L6uADnTN69ohv","Rauw Alejandro, Chencho Corleone, KEVVO, Bryant Myers, Lyanno, Dalex","El Efecto - Remix","(SME US Latin) Duars Entertainment, Corp. (2)",172,190,6,"613790"
191,"spotify:track:05aZ9sAU1YXndHv0FMi9iW","Drake, Fivio Foreign, Sosa Geek","Demons (feat. Fivio Foreign & Sosa Geek)","OVO",25,157,12,"613157"
192,"spotify:track:0rKtyWc8bvkriBthvHKY8d","Joji","SLOW DANCING IN THE DARK","88rising Music",82,197,176,"611737"
193,"spotify:track:6b2RcmUt1g9N9mQ3CbjX2Y","Sam Smith","How Do You Sleep?","PLG - Capitol",7,194,296,"611588"
194,"spotify:track:1iSqfoUFnQwV0QW1EfUit8","YNW Melly","Suicidal","P2019",23,188,146,"611467"
195,"spotify:track:4xqIYGwwZTEem9U8A42SPF","Tory Lanez","Broke In A Minute","Interscope Records",75,-1,31,"609512"
196,"spotify:track:73SpzrcaHk0RQPFP73vqVR","Billie Eilish","No Time To Die","Darkroom/Interscope Records",1,186,87,"608330"
197,"spotify:track:4Pu0a2TuHOYtI4CCE3HEXI","Arcángel, Sech, Romeo Santos","Sigues Con El - Remix","Rimas Entertainment LLC.",103,192,31,"608227"
198,"spotify:track:7GX5flRQZVHRAGd6B4TmDO","Lil Uzi Vert","XO Tour Llif3","Generation Now/Atlantic",9,199,828,"606953"
199,"spotify:track:4VXIryQMWpIdGgYR4TrjT1","Juice WRLD","All Girls Are The Same","Juice WRLD Mixtape / ISR P&D",22,198,278,"606508"
200,"spotify:track:2RxC2peY3FtrurYmbbmanr","Banda MS de Sergio Lizárraga, Snoop Dogg","Qué Maldición","Lizos Music",54,172,12,"605349"
