rank,uri,artist_names,track_name,source,peak_rank,previous_rank,days_on_chart,streams
1,"spotify:track:4Oun2ylbjFKMPTiaSbbCih","Cardi B, Megan Thee Stallion","WAP (feat. Megan Thee Stallion)","Atlantic/KSR",1,1,29,"7175768"
2,"spotify:track:1yoMvmasuxZfqHEipJhRbp","Maluma","Hawái","Sony Music Latin",2,2,36,"5933776"
3,"spotify:track:3tjFYV6RSFtuktYl3ZtYcq","24kGoldn, iann dior","Mood (feat. iann dior)","Records/Columbia",3,3,26,"5627942"
4,"spotify:track:0t1kP63rueHleOhQkYSXFY","BTS","Dynamite","BIGHIT MUSIC",1,4,15,"4450166"
5,"spotify:track:0VjIjW4GlUZAMYd2vXMi3b","The Weeknd","Blinding Lights","Republic Records",1,5,281,"4127373"
6,"spotify:track:6UelLqGlWMcVH1E5c4H7lY","Harry Styles","Watermelon Sugar","Columbia",4,6,293,"4125160"
7,"spotify:track:1xQ6trAsedVPCdbtDAmk0c","Jawsh 685, Jason Derulo","Savage Love (Laxed - Siren Beat)","Columbia",1,7,85,"4078863"
8,"spotify:track:2SAqBLGA283SUiwJ3xOUVI","Drake, Lil Durk","Laugh Now Cry Later (feat. Lil Durk)","OVO",2,8,22,"3844126"
9,"spotify:track:7ytR5pFWmSjzHJIeQkgog4","DaBaby, Roddy Ricch","ROCKSTAR (feat. Roddy Ricch)","South Coast Music Group/Interscope Records",1,9,141,"3841121"
10,"spotify:track:2J4P46vCFm1rPkNkp9pZWX","BLACKPINK, Selena Gomez","Ice Cream (with Selena Gomez)","YG Entertainment/Interscope Records",4,10,8,"3419659"
11,"spotify:track:0PvFJmanyNQMseIFrU708S","Pop Smoke, Lil Baby, DaBaby","For The Night (feat. Lil Baby & DaBaby)","Victor Victor Worldwide",9,14,64,"2827320"
12,"spotify:track:2Wo6QQD1KMDWeFkkjLqwx5","SAINt JHN, Imanbek","Roses - Imanbek Remix","Columbia/B1 Recordings",2,12,266,"2816001"
13,"spotify:track:6cx06DFPPHchuUAcTxznu9","Joel Corry, MNEK","Head & Heart (feat. MNEK)","Atlantic Records UK",13,17,54,"2784128"
14,"spotify:track:5rZlwNFl01HqLWBQGryKSm","Pop Smoke, Lil Tjay","Mood Swings (feat. Lil Tjay)","Victor Victor Worldwide",10,11,61,"2779526"
15,"spotify:track:3H7ihDc1dqLriiWXwsc2po","Topic, A7S","Breaking Me","Virgin",6,16,168,"2723779"
16,"spotify:track:4xqrdfXkTW4T0RauPLv3WA","Conan Gray","Heather","Republic Records",13,13,45,"2693053"
17,"spotify:track:7x4ASXYEKfQBCewcZhK776","KAROL G","Ay, DiOs Mío!","UMLE - Latino",12,15,56,"2601377"
18,"spotify:track:0EhpEsp4L0oRGM0vmeaN5e","J Balvin, Dua Lipa, Bad Bunny, Tainy","UN DIA (ONE DAY) (Feat. Tainy)","Universal Music Latino/ NEON16",9,18,43,"2423264"
19,"spotify:track:5Jm4w8jmPEBTLjI9vH4fXo","Ozuna","Caramelo","Aura Music Corp.",15,26,85,"2348795"
20,"spotify:track:2Y0wPrPQBrGhoLn14xRYCG","Juice WRLD, Marshmello","Come & Go (with Marshmello)","Grade A Productions/Interscope Records",2,19,58,"2266324"
21,"spotify:track:4HYDUMY0xSpeBr0AMY9cUz","Jay Wheeler, DJ Nelson, Myke Towers","La Curiosidad","Linked Music / Dynamic Records / EMPIRE",19,20,74,"2253705"
22,"spotify:track:2DQNYMRjisN3KAPj1bEwOI","Internet Money, Gunna, Don Toliver, NAV","Lemonade (feat. NAV)","Internet Money Records / TenThousand Projects",21,21,22,"2237706"
23,"spotify:track:1rgnBhdG2JDFTbYkYRZAku","Tones And I","Dance Monkey","Elektra (NEK)",1,27,415,"2169055"
24,"spotify:track:7ju97lgwC2rKQ6wwsf9no9","Lady Gaga, Ariana Grande","Rain On Me (with Ariana Grande)","Interscope",1,22,106,"2155506"
25,"spotify:track:4ZRrLHqzhGRXYj2qcB4s5S","Rauw Alejandro, Camilo","Tattoo - Remix with Camilo","Sony Music Latin/Duars Entertainment",21,24,57,"2139914"
26,"spotify:track:6bvfJf4KjonPMuPfGfy3S2","Nio Garcia, Anuel AA, Myke Towers, Brray, Juanka","La Jeepeta - Remix","Flow La Movie, Inc.",12,25,112,"2136612"
27,"spotify:track:27ycaQnQAxaPiyeg3nr2aB","Miley Cyrus","Midnight Sky","RCA Records Label",10,23,22,"2123506"
28,"spotify:track:45bE4HXI0AwGZXfZtMp8JR","Tate McRae","you broke me first","RCA Records Label",28,30,56,"2011917"
29,"spotify:track:3ZG8N7aWw2meb6UrI5ZmnZ","Sech","Relación","Rich Music",21,31,126,"1997251"
30,"spotify:track:6wQlQrTY5mVS8EGaFZVwVF","Juice WRLD, The Weeknd","Smile (with The Weeknd)","Grade A Productions/Interscope Records",5,29,29,"1991451"
31,"spotify:track:7qEHsqek33rTcFNT9PFqLf","Lewis Capaldi","Someone You Loved","Vertigo Berlin",4,28,605,"1956091"
32,"spotify:track:2U5WueTLIK5WJLD7mvDODv","Juice WRLD","Wishing Well","Grade A Productions/Interscope Records",6,32,57,"1952331"
33,"spotify:track:2MbdDtCv5LUVjYy9RuGTgC","Jack Harlow, Tory Lanez, DaBaby, Lil Wayne","WHATS POPPIN (feat. DaBaby, Tory Lanez & Lil Wayne) - Remix","Generation Now/Atlantic",11,35,73,"1909164"
34,"spotify:track:7eJMfftS33KTjuF7lTsMCx","Powfu, beabadoobee","death bed (coffee for your head)","Columbia",4,33,204,"1883548"
35,"spotify:track:2gMXnyrvIjhVBUZwvLZDMP","Lewis Capaldi","Before You Go","Vertigo Berlin",17,34,290,"1877418"
36,"spotify:track:1pqnQ41XbfKjaFu6M0eGJp","Tainy, J Balvin","Agua (with J Balvin)","NEON16/Interscope Records",16,36,57,"1862656"
37,"spotify:track:6EDO9iiTtwNv6waLwa1UUq","DJ Khaled, Drake","POPSTAR (feat. Drake)","OVO/We The Best/Epic",4,78,50,"1824049"
38,"spotify:track:35RJhm1pEovTBwnNR0zWad","DJ Khaled, Drake","GREECE (feat. Drake)","OVO/We The Best/Epic",18,44,50,"1819219"
39,"spotify:track:1IIKrJVP1C9N7iPtG6eOsK","Chris Brown, Young Thug","Go Crazy","Chris Brown Entertainment/300 Entertainment/RCA Records",36,38,103,"1810541"
40,"spotify:track:7Bar1kLTmsRmH6FCKKMEyU","SZA, The Neptunes, Pharrell Williams, Ty Dolla $ign","Hit Different","Top Dawg Entertainment/RCA Records",40,-1,1,"1739926"
41,"spotify:track:3PfIrDoz19wz7qK7tYeu62","Dua Lipa","Don't Start Now","Urban",2,41,309,"1733954"
42,"spotify:track:22LAwLoDA5b4AaGSkg6bKW","Lil Mosey","Blueberry Faygo","Mogul Vision/Interscope Records",8,43,211,"1703977"
43,"spotify:track:017PF4Q3l4DBUiWoXk4OWT","Dua Lipa","Break My Heart","Urban",6,42,163,"1659688"
44,"spotify:track:3vAn0qZzdyuHamcrpkfiX3","BLACKPINK","How You Like That","YG Entertainment/Interscope Records",2,39,71,"1657616"
45,"spotify:track:6AzKhCHOms83jvNVLsz0Bt","Aya Nakamura, Maluma","Djadja (feat. Maluma) - Remix","Rec. 118",33,45,71,"1649228"
46,"spotify:track:1H7KnK26kc1YyellpbINEn","Pop Smoke, 50 Cent, Roddy Ricch","The Woo (feat. 50 Cent & Roddy Ricch)","Victor Victor Worldwide",12,40,64,"1645901"
47,"spotify:track:58AGoOGbwsQMhBbH0eFLRR","Calvin Harris, The Weeknd","Over Now (with The Weeknd)","Columbia",11,37,8,"1638255"
48,"spotify:track:24IgCW19L8lXKyFZwzFtD3","Black Eyed Peas, Ozuna, J. Rey Soul","MAMACITA","Epic",17,46,140,"1624246"
49,"spotify:track:76nqCfJOcFFWBJN32PAksn","Ava Max","Kings & Queens","Atlantic Records",37,49,161,"1613689"
50,"spotify:track:62aP9fBQKYKxi7PDXwcUAS","Surf Mesa, Emilee","ily (i love you baby) (feat. Emilee)","Astralwerks",9,48,162,"1579621"
51,"spotify:track:59qrUpoplZxbIZxk6X0Bm3","Jason Derulo","Take You Dancing","Atlantic Records",51,54,42,"1548668"
52,"spotify:track:4HBZA5flZLE435QTztThqH","Ariana Grande, Justin Bieber","Stuck with U (with Justin Bieber)","Ariana Grande & Justin Bieber ""Stuck With U""- Charity",1,47,120,"1539244"
53,"spotify:track:4pXW6ZAHBz7ODXTRKklWrM","Trueno, Nicki Nicole, Bizarrap, Taiu, TATOOL","Mamichula - con Nicki Nicole","NEUEN",33,50,43,"1494066"
54,"spotify:track:466cKvZn1j45IpxDdYZqdA","Drake","Toosie Slide","OVO",1,56,155,"1460225"
55,"spotify:track:6C6mUonH6MNdSg5pw7kOc9","KHEA, Lenny Santos","Ayer Me Llamó Mi Ex","Young Flex - Khea",48,52,14,"1458424"
56,"spotify:track:6N22FZs2ZhPBYi3b9XPajV","Labrinth","Still Don't Know My Name","Masterworks",51,51,26,"1434763"
57,"spotify:track:35UUpTmrcFXNIVIN26ujXl","Sech, Daddy Yankee, J Balvin, ROSALÍA, Farruko","Relación - Remix","Rich Music",57,-1,1,"1425104"
58,"spotify:track:21jGcNKet2qwijlDFuPiPb","Post Malone","Circles","Republic Records",1,55,372,"1418454"
59,"spotify:track:4VLTxHOyFX5FRtkpsFm5Pc","Big Sean, Travis Scott","Lithuania (feat. Travis Scott)","Getting Out Our Dreams, Inc./Def Jam Recordings",59,-1,1,"1399184"
60,"spotify:track:3IJYUaN3tx04S4TYyZHKoP","StaySolidRocky","Party Girl","Columbia",8,53,113,"1396612"
61,"spotify:track:0nbXyq5TXYPCO7pr3N8S4I","Roddy Ricch","The Box","Atlantic Records",1,58,268,"1389116"
62,"spotify:track:3jjujdWJ72nww5eGnfs2E7","Harry Styles","Adore You","Columbia",3,57,274,"1366826"
63,"spotify:track:5cpJFiNwYyWwFLH0V6B3N8","Ozuna, Doja Cat, Sia","Del Mar","Aura Music Corp.",63,-1,1,"1336299"
64,"spotify:track:70rFIfYN7lU6iTgUIVP42w","mgk, blackbear","my ex's best friend (with blackbear)","Bad Boy/Interscope Records",61,61,29,"1321043"
65,"spotify:track:6gBFPUFcJLzWGx4lenP6h2","Travis Scott","goosebumps","Cactus Jack / Epic",10,60,1125,"1308688"
66,"spotify:track:6fmQjRuo7XvRFCK2qex5hQ","Jerry Di","Mi Cuarto","Nacho",59,59,19,"1293602"
67,"spotify:track:7k4t7uLgtOxPwTpFmtJNTY","KAROL G, Nicki Minaj","Tusa","TUSA - Karol G & Nicki Minaj",3,67,302,"1267171"
68,"spotify:track:285pBltuF7vW8TeWk8hdRR","Juice WRLD","Lucid Dreams","Juice WRLD Mixtape / ISR P&D",2,62,846,"1265908"
69,"spotify:track:6v3KW9xbzN5yKLt9YKDYA2","Shawn Mendes, Camila Cabello","Señorita","Island Records",1,66,442,"1248963"
70,"spotify:track:0RiRZpuVRbi7oqRdSMwhQY","Post Malone, Swae Lee","Sunflower - Spider-Man: Into the Spider-Verse","Republic Records",1,68,688,"1241370"
71,"spotify:track:2b8fOow8UzyDFAE27YhOZM","Maroon 5","Memories","Interscope Records*",2,64,351,"1236247"
72,"spotify:track:2GiJYvgVaD2HtM8GqD9EgQ","BØRNS","Electric Love","UMGRI Interscope",60,63,36,"1234402"
73,"spotify:track:5woaU1FNkqCwg6WzWiQPW5","Saweetie, Post Malone, DaBaby, Jack Harlow","Tap In (feat. Post Malone, DaBaby & Jack Harlow)","ICY/Artistry Records/Warner Records",73,177,2,"1227983"
74,"spotify:track:2rRJrJEo19S2J82BDsQ3F7","Trevor Daniel","Falling","Alamo",5,65,293,"1227548"
75,"spotify:track:33gwZOGJWEZ7dRWPqPxBEZ","Big Sean, Post Malone","Wolves (feat. Post Malone)","Getting Out Our Dreams, Inc./Def Jam Recordings",75,-1,1,"1207404"
76,"spotify:track:6Hj9jySrnFppAI0sEMCZpJ","Juice WRLD","Robbery","Grade A Productions/Interscope Records",11,71,414,"1203238"
77,"spotify:track:7Mu3sCvXdMSlBLrUPOhWAG","6ix9ine, Akon","LOCKED UP, PT. 2","Scumgang Records",77,-1,1,"1203193"
78,"spotify:track:7szuecWAPwGoV1e5vGu8tl","The Weeknd","In Your Eyes","Republic Records",4,74,169,"1195690"
79,"spotify:track:4iD5KYizD5e0KrCsk58P2r","Bonez MC","Fuckst mich nur ab","187 Strassenbande",79,-1,1,"1180903"
80,"spotify:track:2Fxmhks0bxGSBdJ92vM42m","Billie Eilish","bad guy","Darkroom/Interscope Records",1,75,526,"1167532"
81,"spotify:track:3eekarcy7kvN4yt5ZFzltW","Travis Scott","HIGHEST IN THE ROOM","Cactus Jack/Epic",1,76,337,"1159302"
82,"spotify:track:4w47S36wQGBhGg073q3nt7","ROSALÍA, Travis Scott","TKN (feat. Travis Scott)","Columbia",8,73,100,"1155433"
83,"spotify:track:4R2kfaDFhslZEMJqAFNpdd","Taylor Swift","cardigan","Taylor Swift",1,70,43,"1149318"
84,"spotify:track:3Z8FwOEN59mRMxDCtb8N0A","Marshmello, Halsey","Be Kind (with Halsey)","Astralwerks",19,77,127,"1141339"
85,"spotify:track:4umIPjkehX1r7uhmGvXiSV","Justin Bieber, Quavo","Intentions (feat. Quavo)","RBMG/Def Jam",4,69,211,"1132409"
86,"spotify:track:5DoLhdU27owX1NMrKLUbUl","Super Yei, Sammy, Jone Quest, Towy, Osquel, Beltito, Sammy & Falsetto","Lean","Superiority",73,80,24,"1125084"
87,"spotify:track:79s5XnCN4TJKTVMSmOx8Ep","Pop Smoke","Dior","Victor Victor Worldwide/Republic Records",34,83,177,"1118634"
88,"spotify:track:6qiiDtFAJjyEhoZVcf6ovL","6ix9ine","GOOBA","Scumgang Records",2,159,120,"1117260"
89,"spotify:track:06s3QtMJVXw1AJX3UfvZG1","Anuel AA, Bad Bunny","Hasta Que Dios Diga","2020 Real Hasta La Muerte, LLC",23,79,99,"1111011"
90,"spotify:track:67jvGGbJmOmVonlyX3mNkV","Ozuna, KAROL G, Myke Towers","Caramelo - Remix","Aura Music Corp.",90,110,17,"1108492"
91,"spotify:track:2tnVG71enUj33Ic2nFN6kZ","Regard","Ride It","Ministry of Sound Recordings",12,86,365,"1091496"
92,"spotify:track:2D0dj3hVkRQJCp63cxCPEx","Curtis Waters, Harm Franklin","Stunnin' (feat. Harm Franklin) (Explicit)","BMG Rights Management (US) LLC",66,84,77,"1086266"
93,"spotify:track:2ygvZOXrIeVL4xZmAWJT2C","Billie Eilish","my future","Darkroom/Interscope Records",1,72,36,"1085850"
94,"spotify:track:2VxeLyX666F8uXCJ0dZF8B","Lady Gaga, Bradley Cooper","Shallow","A Star is Born OST",2,87,708,"1062723"
95,"spotify:track:2xLMifQCjDGFmkHkpNLD9h","Travis Scott","SICKO MODE","Cactus Jack / Epic",2,90,762,"1058842"
96,"spotify:track:205HNJ73cgpC0LAOnuQiWT","Kofs, Soso Maness, Elams, Jul, SCH, Naps, Solda, Houari, 13 Organisé","Bande organisée","Rien 100 Rien",95,103,18,"1051828"
97,"spotify:track:0jT8Nl0shPS8115is0wD2Q","Camilo","Favorito","Sony Music Latin",28,85,153,"1049529"
98,"spotify:track:0u2P5u6lvoDfwTYjAADbn4","Billie Eilish, Khalid","lovely (with Khalid)","Darkroom",19,82,867,"1046893"
99,"spotify:track:66W1rVTnEv86dIkFhoiElg","Regard, RAYE","Secrets","Ministry of Sound Recordings",57,91,95,"1042270"
100,"spotify:track:1K5KBOgreBi5fkEHvg5ap3","Future, Drake","Life Is Good (feat. Drake)","Epic/Freebandz",3,89,239,"1036381"
101,"spotify:track:696DnlkuDOXcMAnKlTgXXK","Arizona Zervas","ROXANNE","Arizona Zervas",2,92,313,"1035836"
102,"spotify:track:25zlnOAzbVoOzIeXSvQFf1","Pop Smoke","Got It On Me","Victor Victor Worldwide",36,99,64,"1029719"
103,"spotify:track:3Dv1eDb0MEgF93GpLXlucZ","Doja Cat","Say So","Kemosabe Records/RCA Records",5,88,254,"1022624"
104,"spotify:track:7lUdbnz7wsv3C9zzf4WHl9","Feid, J Balvin, Maluma, Nicky Jam, Sech, Justin Quiles","PORFA Remix ( Feat. Maluma, Nicky Jam, Sech) - Remix","JP Entertainment (Jorge Pino)",74,94,70,"1019804"
105,"spotify:track:5f1joOtoMeyppIcJGZQvqJ","Kane Brown, Swae Lee, Khalid","Be Like That - feat. Swae Lee & Khalid","RCA Records Label Nashville",85,95,55,"1016766"
106,"spotify:track:2rFsFjq0D9JAmc0APpCO6P","Internet Money, Trippie Redd, Diplo, Juice WRLD","Blastoff (feat. Juice WRLD)","Internet Money Records / 10K Projects",53,81,8,"1012133"
107,"spotify:track:39Yp9wwQiSRIDOvrVg7mbk","THE SCOTTS, Travis Scott, Kid Cudi","THE SCOTTS","Cactus Jack / Epic",1,96,134,"1007164"
108,"spotify:track:2kJwzbxV2ppxnQoYw4GLBZ","JP Saxe, Julia Michaels","If the World Was Ending (feat. Julia Michaels)","Arista Records",37,93,294,"985385"
109,"spotify:track:2lCkncy6bIB0LTMT7kvrD1","J Balvin","Azul","UMLE - Latino",37,98,169,"981433"
110,"spotify:track:3hbTkJ0yFzHbawnKyhvTQj","RBD, Anahí, Dulce María, Maite Perroni, Christian Chávez, Christopher von Uckermann, Alfonso Herrera","Sálvame","Universal Music Mexico",110,-1,1,"973935"
111,"spotify:track:1Cv1YLb4q0RzL6pybtaMLo","Surfaces","Sunday Best","Surfaces Music / TenThousand Projects, LLC",12,102,231,"973049"
112,"spotify:track:0wYOlCybpxFc2azWLyYj0S","WhoHeem","Lets Link","Arista Records/Columbia Records",101,101,5,"971958"
113,"spotify:track:0pqnGHJpmpxLKifKRmU6WP","Imagine Dragons","Believer","Kid Ina Korner / Interscope",15,104,1310,"970383"
114,"spotify:track:4nK5YrxbMGZstTLbvj6Gxw","BENEE, Gus Dapperton","Supalonely","Republic Records",10,106,185,"958283"
115,"spotify:track:3ZCTVFBt2Brf31RLEnCkWJ","Billie Eilish","everything i wanted","Darkroom/Interscope Records",1,97,296,"949668"
116,"spotify:track:4xWzZmX4K1yyrdtRfbUvjt","Niack, Two Maloka, DJ Léo da 17","Oh Juliana","Niack",77,144,42,"944739"
117,"spotify:track:3P4uSN2VJ7asF4xdw1lDEf","Ufo361, Sonus030","Games","Stay High",117,-1,1,"943078"
118,"spotify:track:1ZMiCix7XSAbfAJlEZWMCp","Harry Styles","Falling","Columbia",18,100,261,"928529"
119,"spotify:track:7fQox8Ere1HDm0jhSnsFHu","Bring Me The Horizon, YUNGBLUD","Obey (with YUNGBLUD)","RCA Records Label",119,165,2,"923463"
120,"spotify:track:4Hpib09wXgD84w4uwTPnYD","Saweetie","Tap In","ICY/Artistry Records/Warner Records",80,151,31,"919812"
121,"spotify:track:4RJz8NfIe09gpKMiRUWKhJ","Maluma, Lenny Tavárez, Justin Quiles","Parce (feat. Justin Quiles)","Sony Music Latin",99,111,15,"916993"
122,"spotify:track:380HmhwTE2NJgawn1NwkXi","J Balvin","Rojo","UMLE - Latino",14,109,190,"915645"
123,"spotify:track:50ZC4PM7hywH27RcCfViau","Rauw Alejandro, Dalex, Lenny Tavárez, Dímelo Flow","Elegí (feat. Dímelo Flow)","Sony Music Latin",53,107,155,"908376"
124,"spotify:track:2RJ1fg4qf2vgZKifTa4HgA","RBD, Anahí, Dulce María, Maite Perroni, Christian Chávez, Christopher von Uckermann, Alfonso Herrera","Sólo Quédate En Silencio","Universal Music Mexico",124,-1,1,"906122"
125,"spotify:track:2CDcXWYWilHTXrsOXJza8n","Big Sean, Nipsey Hussle","Deep Reverence (feat. Nipsey Hussle)","Getting Out Our Dreams, Inc./Def Jam Recordings",125,-1,2,"904563"
126,"spotify:track:4pvb0WLRcMtbPGmtejJJ6y","Taylor Swift, Bon Iver","exile (feat. Bon Iver)","Taylor Swift",3,105,43,"903755"
127,"spotify:track:7FIWs0pqAYbP91WWM0vlTQ","Eminem, Juice WRLD","Godzilla (feat. Juice WRLD)","Shady/Aftermath/Interscope Records",3,114,232,"887674"
128,"spotify:track:0SqqAgdovOE24BzxIClpjw","Bad Bunny","Yo Perreo Sola","Rimas Entertainment LLC",16,116,189,"885476"
129,"spotify:track:3fhOpwaKobrELFjKLcXHgI","Ozuna, Wisin, Myke Towers, Arcángel, Juanka, Cosculluela","Enemigos Ocultos","Aura Music Corp.",129,-1,1,"883187"
130,"spotify:track:56tOMi4N980gmsdUoyaLb3","RBD, Anahí, Dulce María, Maite Perroni, Christian Chávez, Christopher von Uckermann, Alfonso Herrera","Rebelde","Universal Music Mexico",130,-1,1,"882187"
131,"spotify:track:527k23H0A4Q0UJN3vGs0Da","Don Toliver","After Party","We Run It Ent./Cactus Jack/Atlantic",40,119,142,"876643"
132,"spotify:track:0hVXuCcriWRGvwMV1r5Yn9","Ed Sheeran, Justin Bieber","I Don't Care (with Justin Bieber)","Atlantic Records UK",1,118,484,"874242"
133,"spotify:track:46hDiH4YvAWXE04GskkIHS","Big Sean","Why Would I Stop?","Getting Out Our Dreams, Inc./Def Jam Recordings",133,-1,1,"873872"
134,"spotify:track:7gwwt1IaAWwmB7af0AcuBM","Harry Nach","Tak Tiki Tak","Sony Music Entertainment Chile S.A",69,112,94,"872307"
135,"spotify:track:2mt1IqcFyY1zmYZT8Q3xw9","blackbear","hot girl bummer","Alamo",9,117,379,"863609"
136,"spotify:track:4DpNNXFMMxQEKl7r0ykkWA","Melanie Martinez","Play Date","Atlantic Records",27,115,132,"854668"
137,"spotify:track:0e7ipj03S05BNilyu5bRzt","Post Malone, 21 Savage","rockstar (feat. 21 Savage)","Republic Records",1,136,1084,"853320"
138,"spotify:track:7F7qwp7VZRVwZsNoddRRgX","RBD, Anahí, Dulce María, Maite Perroni, Christian Chávez, Christopher von Uckermann, Alfonso Herrera","Nuestro Amor","Universal Music Mexico",138,-1,1,"845060"
139,"spotify:track:2DEZmgHKAvm41k4J3R2E9Y","Bad Bunny, Jowell & Randy, Ñengo Flow","Safaera","Rimas Entertainment LLC",7,124,188,"844866"
140,"spotify:track:4VXIryQMWpIdGgYR4TrjT1","Juice WRLD","All Girls Are The Same","Juice WRLD Mixtape / ISR P&D",22,125,365,"842930"
141,"spotify:track:1jaTQ3nqY3oAAYyCTbIvnM","Jack Harlow","WHATS POPPIN","Generation Now/Atlantic",23,131,215,"842800"
142,"spotify:track:7JDWhC422Gtk1Bq0mL3OTC","Bea Miller","feel something","Hollywood Records",142,167,10,"840716"
143,"spotify:track:7m9OqQk4RVRkw9JJdeAw96","XXXTENTACION","Jocelyn Flores","Bad Vibes Forever / EMPIRE",2,121,1072,"839698"
144,"spotify:track:6ocbgoVGwYJhOv1GgI9NsF","Ariana Grande","7 rings","Republic Records",1,127,596,"837590"
145,"spotify:track:23XTYrwfHXY8H1PuQYJbDA","Big Sean","Harder Than My Demons","Getting Out Our Dreams, Inc./Def Jam Recordings",145,-1,1,"830878"
146,"spotify:track:7qiZfU4dY1lWllzX7mPBI3","Ed Sheeran","Shape of You","Atlantic Records UK",1,135,1336,"830099"
147,"spotify:track:4u7EnebtmKWzUH433cf5Qv","Queen","Bohemian Rhapsody - Remastered 2011","EMI",10,148,743,"827821"
148,"spotify:track:2tFwfmceQa1Y6nRPhYbEtC","JHAYCO, Bad Bunny","CÓMO SE SIENTE - Remix","N&E Entertainment LLC",21,138,118,"823722"
149,"spotify:track:2HbKqm4o0w5wEeEFXm2sD4","Kendrick Lamar, Jay Rock","Money Trees","Aftermath",132,132,23,"823006"
150,"spotify:track:0tgVpDi06FyKpA1z0VMD4v","Ed Sheeran","Perfect","Atlantic Records UK",3,130,1278,"822601"
151,"spotify:track:1sgDyuLooyvEML4oHspNza","Kygo, OneRepublic","Lose Somebody","Kygo",30,140,113,"821780"
152,"spotify:track:5uCax9HTNlzGybIStD3vDh","James Arthur","Say You Won't Let Go","Columbia",7,120,1335,"821400"
153,"spotify:track:7C1trmcQQ5n5RNy4l6ziCv","Nea, Felix Jaehn","Some Say - Felix Jaehn Remix","Milkshake",68,113,85,"820932"
154,"spotify:track:5v4GgrXPMghOnBBLmveLac","Megan Thee Stallion, Beyoncé","Savage Remix (feat. Beyoncé)","300 Entertainment",11,149,129,"818430"
155,"spotify:track:551xyaSJsg8hILXFq9JdST","Travis Scott","The Plan - From the Motion Picture ""TENET""","Warner Bros. Entertainment, Inc.",46,108,14,"817647"
156,"spotify:track:19OXtYzrJyCrQvTbfukt4H","Maluma, Myke Towers","Madrid (feat. Myke Towers)","Sony Music Latin",141,141,10,"817054"
157,"spotify:track:57RA3JGafJm5zRtKJiKPIm","Wallows, Clairo","Are You Bored Yet? (feat. Clairo)","Atlantic Records",96,123,77,"814390"
158,"spotify:track:7CHi4DtfK4heMlQaudCuHK","MEDUZA, Becky Hill, Goodboys","Lose Control","Virgin",27,146,323,"813724"
159,"spotify:track:2V4Fx72svQRxrFvNT1eq5f","K/DA, (G)I-DLE, Wolftyla, Bea Miller, League of Legends","THE BADDEST","Riot Games",54,128,8,"813672"
160,"spotify:track:4wVOKKEHUJxHCFFNUWDn0B","Drake, GIVĒON","Chicago Freestyle (feat. Giveon)","OVO",8,145,127,"812854"
161,"spotify:track:5sgvzXoYFCr5F5tUZdAA20","RBD, Anahí, Dulce María, Maite Perroni, Christian Chávez, Christopher von Uckermann, Alfonso Herrera","Ser O Parecer","Universal Music Mexico",161,-1,1,"812531"
162,"spotify:track:0ada5XsQGLPUVbmTCkAP49","Juice WRLD, Marshmello, The Kid LAROI, Polo G","Hate The Other Side (with Marshmello & The Kid Laroi)","Grade A Productions/Interscope Records",7,134,57,"811554"
163,"spotify:track:5dOxHHMOFAbG3VH23t0xNm","Juice WRLD","Righteous","Grade A Productions/Interscope Records",7,137,134,"806819"
164,"spotify:track:3kwgqoBqTwoAH4nT29TYrq","Maroon 5","Nobody's Love","Interscope Records*",59,126,43,"804942"
165,"spotify:track:7aGyRfJWtLqgJaZoG9lJhE","salem ilese","Mad at Disney","10K Projects",165,-1,1,"801958"
166,"spotify:track:3GtnId3Cm1Xa6joCj08nzW","Justin Quiles","Jeans","WEA Latina",153,153,8,"800981"
167,"spotify:track:4K06PO78fW4mnBVenxGNob","Juice WRLD","Conversations","Grade A Productions/Interscope Records",4,129,57,"799202"
168,"spotify:track:3ee8Jmje8o58CHK66QrVC2","XXXTENTACION","SAD!","Bad Vibes Forever, LLC",1,142,916,"795687"
169,"spotify:track:3nS9a01VvXHQriLqJYwRqG","Gunna, Young Thug","DOLLAZ ON MY HEAD (feat. Young Thug)","300 Entertainment",53,143,104,"795567"
170,"spotify:track:5EbtodsuLbxrFDH6j5avVS","Camilo, Pablo Alborán","El Mismo Aire - con Pablo Alborán","Sony Music Latin",126,139,56,"786484"
171,"spotify:track:6ZfXA2xakAvphXOSOJ3u1W","Miley Cyrus","When I Look At You","Hollywood Records",133,133,18,"784865"
172,"spotify:track:4ecVWqbtW6phQGpZMAyqIU","ITZY","Not Shy","Republic Records - ITZY",82,122,19,"778620"
173,"spotify:track:0JAZWvvqttGFm4UMDsPQXC","Ozuna, Camilo","Despeinada","Aura Music Corp.",173,-1,1,"777138"
174,"spotify:track:4We7QlOUIwpt5w8y07Gd0M","6ix9ine","TUTU","Scumgang Records",174,-1,1,"776296"
175,"spotify:track:70eFcWOvlMObDhURTqT4Fv","Ed Sheeran, Khalid","Beautiful People (feat. Khalid)","Atlantic Records UK",3,150,435,"775403"
176,"spotify:track:34LI7rwi9H8w2S5KTHnv1M","Manuel Turizo","Quiéreme Mientras Se Pueda","Sony Music Latin/La Industria",156,161,13,"774638"
177,"spotify:track:0z36JaXXoFXuPuQucKEsdx","Big Sean","ZTFO","Getting Out Our Dreams, Inc./Def Jam Recordings",177,-1,1,"772810"
178,"spotify:track:6XHVuErjQ4XNm6nDPVCxVX","Chris Brown, Drake","No Guidance (feat. Drake)","Chris Brown Entertainment/RCA Records",8,156,287,"772089"
179,"spotify:track:7mrWTjhYctgEQb0lJKrVWy","KITSCHKRIEG, Jamule","Unterwegs","SoulForce/BMG",163,195,21,"768014"
180,"spotify:track:2u6Jm2klS4yvAlbSHlxUwI","Robin Schulz, Wes","Alane","WM Germany",99,186,58,"763211"
181,"spotify:track:3AzjcOeAmA57TIOr9zF1ZW","Dua Lipa","Physical","Urban",8,154,217,"758423"
182,"spotify:track:2rPHUAeUPbNgTmK18FPTiZ","The Kid LAROI, Juice WRLD","GO (feat. Juice WRLD)","Columbia",54,158,85,"753173"
183,"spotify:track:43zdsphuZLzwA9k4DJhU0I","Billie Eilish","when the party's over","Darkroom/Interscope Records",7,147,689,"753062"
184,"spotify:track:3JKgcAa7r07ocVWcV8bS0H","Polo G","21","Columbia",145,157,68,"752752"
185,"spotify:track:64mK5Yd0rdGeXVkMFspEyt","RBD, Anahí, Dulce María, Maite Perroni, Christian Chávez, Christopher von Uckermann, Alfonso Herrera","Un Poco De Tu Amor","Universal Music Mexico",185,-1,1,"749396"
186,"spotify:track:3Be7CLdHZpyzsVijme39cW","Kygo, Tina Turner","What's Love Got to Do with It","Kygo",47,187,50,"746540"
187,"spotify:track:3ZWhRS2EJVL5B0IEzkcvZa","Jawsh 685, Lauv, Tyga","Sweet & Sour (feat. Lauv & Tyga)","Columbia",187,-1,1,"746130"
188,"spotify:track:4j3iq13kHs5PB94jdTp3Y3","Maluma","ADMV","Sony Music Latin",140,152,17,"746118"
189,"spotify:track:2f0pn9DkEJwAzXApnFh5cr","BANNERS","Someone To You","Island Records",159,163,18,"746018"
190,"spotify:track:1VLtjHwRWOVJiE5Py7JxoQ","Polo G","Martin & Gina","Columbia",166,168,9,"743251"
191,"spotify:track:78qd8dvwea0Gosb6Fe6j3k","Doja Cat","Boss Bitch","Atlantic Records",18,164,187,"741007"
192,"spotify:track:3eo3Dw5OGSWCzJDVHLKE3v","RBD, Anahí, Dulce María, Maite Perroni, Christian Chávez, Christopher von Uckermann, Alfonso Herrera","Enséñame","Universal Music Mexico",192,-1,1,"737990"
193,"spotify:track:0bMVCO35RJiUhAfvFsLjIF","RBD, Anahí, Dulce María, Maite Perroni, Christian Chávez, Christopher von Uckermann, Alfonso Herrera","Este Corazón","Universal Music Mexico",193,-1,1,"737225"
194,"spotify:track:3U4isOIWM3VvDubwSI3y7a","John Legend","All of Me","G.O.O.D. Music/Columbia",77,160,567,"736829"
195,"spotify:track:6fqpsCQ7jF7OgQolXgYovX","RBD, Anahí, Dulce María, Maite Perroni, Christian Chávez, Christopher von Uckermann, Alfonso Herrera","Aún Hay Algo","Universal Music Mexico",195,-1,1,"735311"
196,"spotify:track:2dpaYNEQHiRxtZbfNsse99","Marshmello, Bastille","Happier","Joytime Collective",2,169,750,"731354"
197,"spotify:track:15k1TDabqSEmyXOwMq9RM7","Jonas Esticado","Investe Em Mim","Som Livre",116,-1,11,"730366"
198,"spotify:track:0Z0kNthq0sS4lvGz9SSlBF","Morgan Wallen","7 Summers","Big Loud / Republic",13,173,22,"730233"
199,"spotify:track:1bRpSCFv6P2OUhciByeRYR","Alex Rose, Rafa Pabön","Jangueo","Los Oidos Fresh/ Los Proximos",113,171,176,"729271"
200,"spotify:track:6NJfIydBMYrXvlaXsFxmc8","Headie One, AJ Tracey, Stormzy","Ain't It Different (feat. AJ Tracey & Stormzy)","Relentless Records",115,185,14,"727239"
