rank,uri,artist_names,track_name,source,peak_rank,previous_rank,days_on_chart,streams
1,"spotify:track:3w0w2T288dec0mgeZZqoNN","¥$, Kanye West, Ty Dolla $ign","CARNIVAL","YZY",1,1,16,"2225738"
2,"spotify:track:7AYmToZ5y67fBjq4RLFbuq","Beyoncé","TEXAS HOLD 'EM","Parkwood Entertainment/Columbia",1,2,14,"1724842"
3,"spotify:track:6tNQ70jh4OwmPGpYy6R2o9","Benson Boone","Beautiful Things","Night Street Records, Inc./Warner Records Inc.",1,3,38,"1354226"
4,"spotify:track:0mflMxspEfB0VbI1kyLiAv","Noah Kahan","Stick Season","Mercury Records/Republic Records",1,4,475,"1351298"
5,"spotify:track:1bjeWoagtHmUKputLVyDxQ","SZA","Saturn","Top Dawg Entertainment/RCA Records",3,6,3,"1190090"
6,"spotify:track:52eIcoLUM25zbQupAZYoFh","21 Savage","redrum","Slaughter Gang, LLC/Epic Records",1,5,45,"1182517"
7,"spotify:track:4KULAymBBJcPRpk1yO4dOG","Zach Bryan, Kacey Musgraves","I Remember Everything (feat. Kacey Musgraves)","Warner Records",1,7,185,"1180332"
8,"spotify:track:4xhsWYTOGcal8zt0J161CU","Jack Harlow","Lovin On Me","Generation Now/Atlantic",1,8,108,"1041762"
9,"spotify:track:0R6NfOiLzLj4O5VbYSJAjf","Xavi","La Diabla","Interscope Records",5,10,76,"980890"
10,"spotify:track:1BxfuPKGuaTgP7aM0Bbdwr","Taylor Swift","Cruel Summer","Taylor Swift",1,9,472,"979163"
11,"spotify:track:17phhZDn6oGtzMe56NuWvj","Teddy Swims","Lose Control","Warner Records",9,11,110,"962889"
12,"spotify:track:3qhlB30KknSejmIvZZLjOD","Djo","End of Beginning","Djo",7,13,12,"944036"
13,"spotify:track:6uTPdRrEDeH8Fyg5L5qmeU","Flo Milli","Never Lose Me","'94 Sounds/RCA Records",5,12,62,"919074"
14,"spotify:track:57wp7VFnV8X0pSVnYArGeJ","Bryson Tiller","Whatever She Wants","TrapSoul/RCA Records",14,16,11,"868453"
15,"spotify:track:5NAOhPAZ57eFAXr3qatS6i","Yeat","Breathe","Field Trip Recordings/Capitol Records",14,15,10,"827740"
16,"spotify:track:3vkCueOmm7xQDoJ17W1Pm3","Mitski","My Love Mine All Mine","Dead Oceans",2,20,163,"824697"
17,"spotify:track:6rjuKpPydT2SxN15TZpV7r","Lil Tecca","500lbs","Galactic Records/Lil Tecca",12,18,168,"803947"
18,"spotify:track:3rUGC1vUpkDG9CZFHMur1t","Tate McRae","greedy","RCA Records Label",3,14,164,"796886"
19,"spotify:track:7K3BhSpAxZBznislvUMVtn","Morgan Wallen","Last Night","Big Loud Records / Mercury Records / Republic Records",1,17,391,"790808"
20,"spotify:track:69phA1R4gmQsBFRQ3INW8C","Rich Amiri","ONE CALL","Internet Money Records / 10K Projects",13,21,44,"789161"
21,"spotify:track:3WMj8moIAXJhHsyLaqIIHI","Zach Bryan","Something in the Orange","Warner Records",4,22,675,"781906"
22,"spotify:track:4iZ4pt7kvcaH6Yo8UoZ4s2","SZA","Snooze","Top Dawg Entertainment/RCA Records",9,19,444,"772488"
23,"spotify:track:3h5TiWTqGxjSjFrbruPFH9","YG Marley","Praise Jah In The Moonlight","YG Marley Music",23,23,34,"766679"
24,"spotify:track:1yeB8MUNeLo9Ek1UEpsyz6","Drake, Sexyy Red, SZA","Rich Baby Daddy (feat. Sexyy Red & SZA)","OVO/Republic",10,24,143,"703876"
25,"spotify:track:0PAcdVzhPO4gq1Iym9ESnK","Morgan Wallen","Thinkin’ Bout Me","Big Loud Records / Mercury Records / Republic Records",7,27,359,"699880"
26,"spotify:track:04CyMEHliadfQWMUJb1w99","¥$, Kanye West, Ty Dolla $ign","BURN","YZY",6,26,16,"666073"
27,"spotify:track:1kuGVB7EU95pJObxwvfwKS","Olivia Rodrigo","vampire","Olivia Rodrigo PS",1,29,241,"662471"
28,"spotify:track:5XVdHRf4CAJ2Jm0uMIy5qY","Xavi","La Víctima","Interscope Records",14,25,88,"657663"
29,"spotify:track:42VsgItocQwOQC3XWZ8JNA","Travis Scott, Playboi Carti","FE!N (feat. Playboi Carti)","Cactus Jack/Epic",2,28,212,"656533"
30,"spotify:track:4KW1lqgSr8TKrvBII0Brf8","Kanye West","Father Stretch My Hands Pt. 1","Rock The World/IDJ/Kanye LP7",24,32,700,"638082"
31,"spotify:track:2Zo1PcszsT9WQ0ANntJbID","Sabrina Carpenter","Feather","Island Records",19,30,95,"627827"
32,"spotify:track:5W4kiM2cUYBJXKRudNyxjW","Morgan Wallen","You Proof","Big Loud Records / Mercury Records / Republic Records",7,33,653,"624688"
33,"spotify:track:1VNWdmXSbaNrnWod10WIL0","The Weeknd, JENNIE, Lily-Rose Depp","One Of The Girls (with JENNIE, Lily Rose Depp)","Universal Republic Records",15,34,89,"620408"
34,"spotify:track:1udwFobQ1JoOdWPQrp2b6u","JID, 21 Savage, Baby Tate","Surround Sound (feat. 21 Savage & Baby Tate)","Dreamville/Interscope",9,31,146,"604017"
35,"spotify:track:6wsqVwoiVH2kde4k4KKAFU","Travis Scott","I KNOW ?","Cactus Jack/Epic",3,35,213,"598839"
36,"spotify:track:6dpLxbF7lfCAnC9QRTjNLK","Good Neighbours","Home","Some Action",27,36,32,"583065"
37,"spotify:track:2Dct3GykKZ58hpWRFfe2Qd","Zach Bryan","Heading South","Warner Records",33,38,472,"580251"
38,"spotify:track:4EWCNWgDS8707fNSZ1oaA5","Kanye West","Heartless","Roc-A-Fella",34,37,862,"568595"
39,"spotify:track:5PyDJG7SQRgWXefgexqIge","Doja Cat","Agora Hills","Kemosabe Records/RCA Records",5,42,157,"557411"
40,"spotify:track:2YSzYUF3jWqb9YP9VXmpjE","Drake, Yeat","IDGAF (feat. Yeat)","OVO/Republic",1,40,143,"555350"
41,"spotify:track:1Lo0QY9cvc8sUB2vnIOxDT","Luke Combs","Fast Car","River House Artists/Columbia Nashville",3,41,337,"552333"
42,"spotify:track:4HMop4Re0iucehmF7mgV27","4batz","act ii: date @ 8","4Batz",25,49,51,"548368"
43,"spotify:track:7sTyAjxDXq9afwfSQy6D0s","Don Toliver","BANDIT","Cactus Jack / Atlantic",9,44,25,"547165"
44,"spotify:track:68Dni7IE4VyPkTOH9mRWHr","J. Cole","No Role Modelz","Roc Nation Records LLC",7,39,2265,"546921"
45,"spotify:track:7GUhiAHLoVy1V8ucQuZ3CB","The Weeknd, Playboi Carti, Madonna","Popular (with Playboi Carti & Madonna)","Universal Republic Records",3,46,224,"536588"
46,"spotify:track:2UikqkwBv7aIvlixeVXHWt","Chris Stapleton","You Should Probably Leave","Mercury Nashville",46,52,248,"532003"
47,"spotify:track:56y1jOTK0XSvJzVv9vHQBK","Doja Cat","Paint The Town Red","Kemosabe Records/RCA Records",1,43,206,"528899"
48,"spotify:track:7DfFc7a6Rwfi3YQMRbDMau","Frank Ocean","Thinkin Bout You","Red Zone Entertainment / IDJ",44,48,64,"526387"
49,"spotify:track:7aqfrAY2p9BUSiupwk3svU","Drake, J. Cole","First Person Shooter (feat. J. Cole)","OVO/Republic",1,45,143,"517143"
50,"spotify:track:3xKsf9qdS1CyvXSMEid6g8","Frank Ocean","Pink + White","Boys Don't Cry",23,50,554,"503903"
51,"spotify:track:3cBsEDNhFI9E82vPj3kvi3","Morgan Wallen","Wasted On You","Big Loud / Republic",1,54,1110,"501712"
52,"spotify:track:5tEaVciE2GnR28aN6W9cLS","¥$, Kanye West, Ty Dolla $ign","FUK SUMN","YZY",2,47,16,"499980"
53,"spotify:track:1Iq8oo9XkmmvCQiGOfORiz","Taylor Swift","Is It Over Now? (Taylor's Version) (From The Vault)","Taylor Swift",1,53,121,"495492"
54,"spotify:track:4E63weMCaNZuGPEFMnuEi8","Tate McRae","exes","RCA Records Label",13,57,100,"479158"
55,"spotify:track:6me7F0aaZjwDo6RJ5MrfBD","Richy Mitch & The Coal Miners","Evergreen","Richy Mitch & The Coal Miners",48,66,148,"478546"
56,"spotify:track:7KA4W4McWYRpgf0fWsJZWB","Tyler, The Creator, Kali Uchis","See You Again (feat. Kali Uchis)","Columbia",3,63,989,"477645"
57,"spotify:track:6XaJfhwof7qIgbbXO5tIQI","Kali Uchis, Peso Pluma","Igual Que Un Ángel (with Peso Pluma)","Geffen Records",6,56,45,"477618"
58,"spotify:track:6wf7Yu7cxBSPrRlWeSeK0Q","Billie Eilish","What Was I Made For? [From The Motion Picture ""Barbie""]","Darkroom/Interscope Records",3,60,227,"475622"
59,"spotify:track:5gDWsRxpJ2lZAffh5p7K0w","The Weeknd, Lana Del Rey","Stargirl Interlude","Universal Republic Records",42,70,595,"473736"
60,"spotify:track:6dBUzqjtbnIa1TwYbyw5CM","TV Girl","Lovers Rock","TV Girl",35,79,482,"470862"
61,"spotify:track:4w2Furap0ZzaiK4J14E9sR","Ice Spice","Think U The Shit (Fart)","10K Projects/Capitol Records",14,59,31,"470717"
62,"spotify:track:3Pbp7cUCx4d3OAkZSCoNvn","Michael Marcagi","Scared To Start","Warner Records",53,55,38,"470640"
63,"spotify:track:0WIv5qV41y6YjjB9V1biuC","Muni Long","Made For Me","Supergiant Records, LLC / Def Jam Recordings",58,58,17,"460988"
64,"spotify:track:6Qb7YsAqH4wWFUMbGsCpap","Dua Lipa","Training Season","Urban",18,51,10,"459753"
65,"spotify:track:5TRPicyLGbAF2LGBFbHGvO","Kanye West, Dwele","Flashing Lights","Roc-A-Fella",48,65,761,"453973"
66,"spotify:track:4rXLjWdF2ZZpXCVTfWcshS","Gunna","fukumean","300 Entertainment",1,61,255,"451788"
67,"spotify:track:1xK59OXxi2TAAAbmZK0kBL","d4vd","Romantic Homicide","Darkroom/Interscope Records",2,80,572,"449552"
68,"spotify:track:22VHOlVYBqytsrAqV8yXBK","Noah Kahan, Post Malone","Dial Drunk (with Post Malone)","Mercury Records/Republic Records",4,71,221,"446694"
69,"spotify:track:5aIVCx5tnk0ntmdiinnYvw","Tyla","Water","FAX Records/Epic",11,64,149,"446649"
70,"spotify:track:3hxIUxnT27p5WcmjGUXNwx","Hotel Ugly","Shut up My Moms Calling","Hotel Ugly, under exclusive license to Amuseio AB",22,84,537,"446127"
71,"spotify:track:4pCbJC43j3gSqG6Fen6upD","Zach Bryan, The War And Treaty","Hey Driver (feat. The War and Treaty)","Warner Records",3,83,184,"445463"
72,"spotify:track:6uIIdjYTxxpWOyWuVXrKQO","Calle 24, Chino Pacas, Fuerza Regida","Que Onda","Street Mob Records",36,67,178,"442196"
73,"spotify:track:2kE2HFBFkJ0VMw3igxYohz","Jessie Murph, Jelly Roll","Wild Ones (feat. Jelly Roll)","Columbia",65,73,138,"439400"
74,"spotify:track:3IznIgmXtrUaoPWpQTy5jB","TV Girl","Not Allowed","TV Girl",38,104,307,"438854"
75,"spotify:track:1zi7xx7UVEFkmKfv06H8x0","Drake, Wizkid, Kyla","One Dance","Cash Money Records/Young Money Ent./Universal Rec.",7,77,631,"436004"
76,"spotify:track:1Qrg8KqiBpW07V7PNxwwwL","SZA","Kill Bill","Top Dawg Entertainment/RCA Records",1,69,444,"434921"
77,"spotify:track:6CvTEtGagmzQvkUzzyKR9k","Fuerza Regida, Marshmello","HARLEY QUINN","Rancho Humilde/Street Mob Records",18,76,120,"434558"
78,"spotify:track:4QTlxavdQGUVitxAvQqqkU","BigXthaPlug","Mmhmm","BigXthaPlug under exclusive license to UnitedMasters LLC",57,62,75,"433584"
79,"spotify:track:4O2rRsoSPb5aN7N3tG6Y3v","Noah Kahan","Northern Attitude","Mercury Records/Republic Records",2,100,63,"432054"
80,"spotify:track:7gaA3wERFkFkgivjwbSvkG","Ariana Grande","yes, and?","Republic Records",1,72,45,"430498"
81,"spotify:track:4BP3uh0hFLFRb5cjsgLqDh","Creedence Clearwater Revival","Fortunate Son","Craft Recordings",30,68,96,"428922"
82,"spotify:track:5RqSsdzTNPX1uzkmlHCFvK","KAROL G, Peso Pluma","QLONA","Bichota/Interscope Records",14,75,198,"428403"
83,"spotify:track:0V3wPSX9ygBnCm8psDIegu","Taylor Swift","Anti-Hero","Taylor Swift",1,74,491,"420922"
84,"spotify:track:2LawezPeJhN4AWuSB0GtAU","Creedence Clearwater Revival","Have You Ever Seen The Rain","Craft Recordings",84,86,71,"419527"
85,"spotify:track:7iQXYTyuG13aoeHxGG28Nh","Bad Bunny, Feid","PERRO NEGRO","Rimas Entertainment LLC",8,82,135,"418955"
86,"spotify:track:3fqwjXwUGN6vbzIwvyFMhx","Chris Stapleton","Tennessee Whiskey","Mercury Nashville",55,92,944,"415343"
87,"spotify:track:2QjOHCTQ1Jl3zawyYOpxh6","The Neighbourhood","Sweater Weather","Columbia",12,98,1281,"414404"
88,"spotify:track:5rb9QrpfcKFHM1EUbSIurX","USHER, Lil Jon, Ludacris","Yeah! (feat. Lil Jon & Ludacris)","LaFace Records",8,81,21,"414125"
89,"spotify:track:4PMqSO5qyjpvzhlLI5GnID","SZA","Good Days","Top Dawg Entertainment/RCA Records",1,114,902,"412560"
90,"spotify:track:4dtIxANFBU6CfhI9c2hf2g","Dylan Gossett","Coal","Dylan Gossett",78,90,50,"412020"
91,"spotify:track:3GCdLUSnKSMJhs4Tj6CV3s","Kendrick Lamar, SZA","All The Stars (with SZA)","Black Panther (TDE/DMG) PS",2,87,537,"411926"
92,"spotify:track:6dgUya35uo964z7GZXM07g","Sabrina Carpenter","Nonsense","Island Records",6,88,401,"410855"
93,"spotify:track:1a73gcEg6h6Re6hHXoVltJ","Nicki Minaj","FTCU","Republic Records",6,85,80,"407497"
94,"spotify:track:1odExI7RdWc4BT515LTAwj","David Kushner","Daylight","Miserable Music Group, LLC",9,93,316,"407261"
95,"spotify:track:0OWhKvvsHptt6vnnNUSM9a","Zach Bryan","Oklahoma Smokeshow","Warner Records",62,102,229,"406555"
96,"spotify:track:4RvWPyQ5RL0ao9LPZeSouE","Tears For Fears","Everybody Wants To Rule The World","UMC (Universal Music Catalogue)",44,95,549,"405676"
97,"spotify:track:0RiRZpuVRbi7oqRdSMwhQY","Post Malone, Swae Lee","Sunflower - Spider-Man: Into the Spider-Verse","Republic Records",1,78,1924,"404468"
98,"spotify:track:7yq4Qj7cqayVTp3FF9CWbm","Vance Joy","Riptide","F-Stop Records/Atlantic",55,106,312,"403366"
99,"spotify:track:3U5JVgI2x4rDyHGObzJfNf","Natasha Bedingfield","Unwritten","Sony Music CG",69,91,50,"401722"
100,"spotify:track:3qQbCzHBycnDpGskqOWY0E","Eslabon Armado, Peso Pluma","Ella Baila Sola","DEL Records",1,101,346,"400924"
101,"spotify:track:0vjeOZ3Ft5jvAi9SBFJm1j","Metro Boomin, Future, Chris Brown","Superhero (Heroes & Villains) [with Future & Chris Brown]","Republic Records",1,89,449,"397355"
102,"spotify:track:7fveJ3pk1eSfxBdVkzdXZ0","Morgan Wallen, ERNEST","Cowgirls (feat. ERNEST)","Big Loud Records / Mercury Records / Republic Records",28,108,316,"395900"
103,"spotify:track:2yUzr8Sr6ldG8vmHhZwTnz","21 Savage, Travis Scott, Metro Boomin","née-nah","Slaughter Gang, LLC/Epic Records",2,97,45,"395493"
104,"spotify:track:4tKGFmENO69tZR9ahgZu48","Sophie Ellis-Bextor","Murder On The Dancefloor","Polydor Records",20,99,58,"390717"
105,"spotify:track:2LBqCSwhJGcFQeTHMVGwy3","The Weeknd","Die For You","Universal Republic Records",7,107,1069,"390623"
106,"spotify:track:3IX0yuEVvDbnqUwMBB3ouC","Olivia Rodrigo","bad idea right?","Olivia Rodrigo PS",1,132,170,"386194"
107,"spotify:track:1dGr1c8CrMLDpV6mPbImSI","Taylor Swift","Lover","Taylor Swift",1,110,453,"385974"
108,"spotify:track:73zawW1ttszLRgT9By826D","Morgan Wallen, Eric Church","Man Made A Bar (feat. Eric Church)","Big Loud Records / Mercury Records / Republic Records",8,116,117,"385407"
109,"spotify:track:0FlwhvrncUKrEAhzunmCKm","Noah Kahan","Forever","Mercury Records/Republic Records",3,128,17,"384772"
110,"spotify:track:3DK6m7It6Pw857FcQftMds","Kanye West, Pusha T","Runaway","Roc-A-Fella",52,113,104,"384621"
111,"spotify:track:6GG73Jik4jUlQCkKg9JuGO","Jimmy Eat World","The Middle","Interscope",96,96,16,"384031"
112,"spotify:track:7DSAEUvxU8FajXtRloy8M0","Miley Cyrus","Flowers","Columbia",1,94,321,"381065"
113,"spotify:track:6ZXL1A1BVshe1JZ1IY734k","Blake Roman, Sam Haft, Andrew Underberg","Poison - Hazbin Hotel Original Soundtrack","A24 Music",64,129,28,"380085"
114,"spotify:track:4OMJGnvZfDvsePyCwRGO7X","Dua Lipa","Houdini","Urban",8,109,91,"379312"
115,"spotify:track:1icgLGTpX2fQXKRe4D7w2b","¥$, Kanye West, Ty Dolla $ign","BACK TO ME","YZY",3,119,16,"379258"
116,"spotify:track:0ofHAoxe9vBkTCp2UQIavz","Fleetwood Mac","Dreams - 2004 Remaster","Rhino/Warner Records",6,103,1152,"376779"
117,"spotify:track:2XHzzp1j4IfTNp1FTn7YFg","Lil Wayne, Drake, Future","Love Me","CM/Republic",68,118,267,"376017"
118,"spotify:track:0gEyKnHvgkrkBM6fbeHdwK","The Cranberries","Linger","Island Records",80,134,34,"375996"
119,"spotify:track:1zgHn1EqUyA0HqNYMdJ5ia","Brent Faiyaz","Best Time","ISO Supremacy under exclusive license to UnitedMasters LLC",87,123,26,"374749"
120,"spotify:track:2O4Bb2WCkjlTPO827OnBMI","LE SSERAFIM","EASY","SOURCE MUSIC",60,112,7,"373999"
121,"spotify:track:3azJifCSqg9fRij2yKIbWz","Tory Lanez","The Color Violet","One Umbrella Records",23,125,542,"370537"
122,"spotify:track:5XeFesFbtLpXzIVDNQP22n","Arctic Monkeys","I Wanna Be Yours","Domino Recording Co",53,142,521,"369114"
123,"spotify:track:5mjYQaktjmjcMKcUIcqz4s","Kenya Grace","Strangers","Warner Records/Major Recordings",13,124,173,"367725"
124,"spotify:track:4kjI1gwQZRKNDkw1nI475M","Travis Scott","MY EYES","Cactus Jack/Epic",6,133,133,"366104"
125,"spotify:track:1R0a2iXumgCiFb7HEZ7gUE","Taylor Swift","Don’t Blame Me","Big Machine Records, LLC",45,105,570,"365098"
126,"spotify:track:0W4NhJhcqKCqEP2GIpDCDq","Keyshia Cole","Love","A&M (UC)",114,141,81,"363451"
127,"spotify:track:3F5CgOj3wFlRv51JsHbxhe","Drake, 21 Savage","Jimmy Cooks (feat. 21 Savage)","OVO",1,117,617,"363061"
128,"spotify:track:2gyxAWHebV7xPYVxqoi86f","Olivia Rodrigo","get him back!","Olivia Rodrigo PS",3,149,93,"361405"
129,"spotify:track:003vvx7Niy0yvhvHt4a68B","The Killers","Mr. Brightside","Island Records",21,131,1281,"361223"
130,"spotify:track:1vYXt7VSjH9JIM5oRRo7vA","Dua Lipa","Dance The Night - From Barbie The Album","Atlantic Records",7,122,270,"361056"
131,"spotify:track:7KokYm8cMIXCsGVmUvKtqf","Taylor Swift","Karma","Taylor Swift",4,120,449,"359792"
132,"spotify:track:3EaJDYHA0KnX88JvDhL9oa","Steve Lacy","Dark Red","Three Quarter",11,146,936,"359648"
133,"spotify:track:1HbzxLqpNVPdiBXvpC7Ovb","The Red Clay Strays","Wondering Why","Red Clay Strays",70,127,84,"359263"
134,"spotify:track:69AIpwGNLxr4qS1X5ynx60","Jordan Davis, Luke Bryan","Buy Dirt","MCA Nashville",58,126,673,"356501"
135,"spotify:track:05WVKTdZhlIMX4qqMLuo0f","Peso Pluma, Anitta","BELLAKEO","Double P Records",30,135,76,"356109"
136,"spotify:track:5O4erNlJ74PIF6kGol1ZrC","Bob Marley & The Wailers","Could You Be Loved","Island Records",136,137,8,"355993"
137,"spotify:track:4loIMejzvt11s97SGVEat8","Xavi, Los Dareyes De La Sierra","Poco A Poco","Interscope Records",104,121,51,"353984"
138,"spotify:track:6zJjw0iXY0aMBEUyCG1NsA","Keith David, Blake Roman, Andrew Underberg, Sam Haft","Loser, Baby","A24 Music",59,144,29,"352148"
139,"spotify:track:7MXVkk9YMctZqd1Srtv4MB","The Weeknd, Daft Punk","Starboy","Universal Republic Records",3,130,1019,"351792"
140,"spotify:track:4UkUxO2WlKLc0Q1iEutGGh","KAROL G, Tiësto","CONTIGO (with Tiësto)","Bichota/Interscope Records",53,111,11,"350698"
141,"spotify:track:5GCU2LJWPzoP8Q6nexs61z","Key Glock","Let's Go","Paper Route EMPIRE",118,139,25,"348261"
142,"spotify:track:2wAJTrFhCnQyNSD3oUgTZO","J. Cole","Work Out","Roc Nation LLC",96,115,530,"347133"
143,"spotify:track:6PGoSes0D9eUDeeAafB2As","Kendrick Lamar, Zacari","LOVE. FEAT. ZACARI.","Aftermath",5,136,1183,"345878"
144,"spotify:track:2HbKqm4o0w5wEeEFXm2sD4","Kendrick Lamar, Jay Rock","Money Trees","Aftermath",35,140,1143,"344493"
145,"spotify:track:4R2kfaDFhslZEMJqAFNpdd","Taylor Swift","cardigan","Taylor Swift",1,145,505,"344167"
146,"spotify:track:7fBv7CLKzipRk6EC6TWHOB","The Weeknd","The Hills","Universal Republic Records",7,159,874,"343896"
147,"spotify:track:7BqBn9nzAq8spo5e7cZ0dJ","Bruno Mars","Just the Way You Are","Elektra (NEK)",82,160,27,"343180"
148,"spotify:track:0JXXNGljqupsJaZsgSbMZV","Miguel","Sure Thing","Jive",8,138,509,"341030"
149,"spotify:track:42TtHTxWk782ZBiqyOi2d1","Zach Bryan, Maggie Rogers","Dawns (feat. Maggie Rogers)","Warner Records",9,163,261,"340821"
150,"spotify:track:6K4t31amVTZDgR3sKmwUJJ","Tame Impala","The Less I Know The Better","Universal Music Australia Pty. Ltd.",103,148,932,"340245"
151,"spotify:track:5jfhLCSIFUO4ndzNRh4w4G","Zach Bryan","Burn, Burn, Burn","Warner Records",30,169,207,"340039"
152,"spotify:track:5SkRLpaGtvYPhw02vZhQQ9","Kanye West, Syleena Johnson","All Falls Down","Roc-A-Fella",105,143,74,"338521"
153,"spotify:track:4S4QJfBGGrC8jRIjJHf1Ka","PinkPantheress","Pain","Parlophone UK",41,-1,258,"337371"
154,"spotify:track:0yc6Gst2xkRu0eMLeRMGCX","Cigarettes After Sex","Apocalypse","Partisan Records",42,181,551,"336178"
155,"spotify:track:5wG3HvLhF6Y5KTGlK0IW3J","Metro Boomin, Travis Scott, Young Thug","Trance (with Travis Scott & Young Thug)","Republic Records",15,154,391,"335980"
156,"spotify:track:3EvZ03hGAFwGZ2Ebcu86YH","Zach Bryan","Tourniquet","Warner Records",8,183,151,"335259"
157,"spotify:track:43iIQbw5hx986dUEZbr3eN","Laufey","From The Start","Laufey",30,196,215,"332988"
158,"spotify:track:3hRV0jL3vUpRrcy398teAU","Lord Huron","The Night We Met","Play It Again Sam",43,184,656,"330569"
159,"spotify:track:47Xj8eIAp7hYOOqArmkqZE","Morgan Wallen","Spin You Around (1/24)","Big Loud Records / Mercury Records",23,147,31,"330026"
160,"spotify:track:0JmnkIqdlnUzPaf8sqBRs3","Kali Uchis","Moonlight","Geffen Records",23,164,364,"329584"
161,"spotify:track:2Hh3ETdQKrmSI3QS0hme7g","Metro Boomin, Future, Don Toliver","Too Many Nights (feat. Don Toliver & with Future)","Republic Records",6,153,441,"329447"
162,"spotify:track:5fEB6ZmVkg63GZg9qO86jh","PARTYNEXTDOOR","Break from Toronto","OVO Sound",53,171,385,"329291"
163,"spotify:track:7EAMXbLcL0qXmciM5SwMh2","Mac DeMarco","Heart To Heart","Mac’s Record Label",26,190,265,"328730"
164,"spotify:track:6QeYSvYqYUsfBzsApbjDHO","TV Girl","Cigarettes out the Window","TV Girl",77,-1,133,"328607"
165,"spotify:track:7ByxizhA4GgEf7Sxomxhze","Noah Kahan","All My Love","Mercury Records/Republic Records",78,193,27,"328168"
166,"spotify:track:1Y1jtaZOJYgXBl7lKdLc9o","Lil Yachty","A Cold Sunday","Quality Control Music/Motown Records",105,177,17,"328069"
167,"spotify:track:1aXV8GrmQLvgoFtBPERP7E","Eyedress","Jealous","Lex Records",104,-1,210,"326220"
168,"spotify:track:3E7dfMvvCLUddWissuqMwr","Miley Cyrus","Party In The U.S.A.","Hollywood Records",4,157,284,"325364"
169,"spotify:track:4TJUS843fKiqqIzycM74Oy","Toby Keith","Should've Been A Cowboy","Mercury Nashville",5,166,17,"325267"
170,"spotify:track:0HEytGQM3bG1vKxER7IgVK","Zach Bryan, The Lumineers","Spotless (feat. The Lumineers)","Warner Records",6,-1,71,"324865"
171,"spotify:track:7FAFkQQZFeNwOFzTrSDFIh","Mac Miller, Empire Of The Sun","The Spins","Rostrum Records",54,178,849,"324129"
172,"spotify:track:4SqWKzw0CbA05TGszDgMlc","The Walters","I Love You So","Warner Records",7,-1,556,"323868"
173,"spotify:track:103u49mLoJUge83B1CnLxI","HARDY","TRUCK BED","Big Loud",101,170,133,"323059"
174,"spotify:track:7mXuWTczZNxG5EDcjFEuJR","Peso Pluma, Gabito Ballesteros, Junior H","LADY GAGA","Double P Records",7,150,248,"321962"
175,"spotify:track:0eBFgRxyVSeuT4iyrbukdn","Luke Combs","Where the Wild Things Are","River House Artists/Columbia Nashville",142,165,15,"321403"
176,"spotify:track:2yzshFeBIwH8tWIqHEFLeD","Grupo Frontera, Bad Bunny","un x100to","Grupo Frontera",1,156,294,"319566"
177,"spotify:track:5DQU4Fmdx7Hs7pwtcZMSTK","Cody Johnson","The Painter","CoJo Music/Warner Music Nashville",94,167,27,"318800"
178,"spotify:track:5UWwZ5lm5PKu6eKsHAGxOk","Foo Fighters","Everlong","RCA Records Label",36,180,550,"317314"
179,"spotify:track:17cia5k4BpGVlyEfqrFH50","Olivia Rodrigo","Can’t Catch Me Now - from The Hunger Games: The Ballad of Songbirds & Snakes","Lions Gate Entertainment Inc. under exclusive license to Geffen Records",13,-1,105,"317024"
180,"spotify:track:7KXjTSCq5nL1LoYtL7XAwS","Kendrick Lamar","HUMBLE.","Aftermath",1,162,1389,"316424"
181,"spotify:track:3xby7fOyqmeON8jsnom0AT","Travis Scott, Swae Lee, Chief Keef","Nightcrawler (feat. Swae Lee & Chief Keef)","Cactus Jack / Epic",134,198,13,"315399"
182,"spotify:track:4osgfFTICMkcGbbigdsa53","Frank Ocean","Novacane","Red Zone Entertainment / IDJ",82,176,225,"313712"
183,"spotify:track:5mCPDVBb16L4XQwDdbRUpz","Drake","Passionfruit","Cash Money Records/Young Money Ent./Universal Rec.",1,189,898,"311550"
184,"spotify:track:58ge6dfP91o9oXMzq3XkIS","Arctic Monkeys","505","Domino Recording Co",13,-1,1106,"311058"
185,"spotify:track:5Se32hEA9raeboZerywxka","Drake","You Broke My Heart","OVO/Republic",2,186,88,"310931"
186,"spotify:track:3QHPHLAkYV5cQBUYs6rowx","Kanye West, Jamie Foxx","Gold Digger","Roc-A-Fella",140,175,11,"310832"
187,"spotify:track:4pAl7FkDMNBsjykPXo91B3","Rihanna","Needed Me","Roc Nation / Rihanna",13,194,197,"310774"
188,"spotify:track:2uwnP6tZVVmTovzX5ELooy","J. Cole, Miguel","Power Trip (feat. Miguel)","Roc Nation LLC",141,172,34,"309801"
189,"spotify:track:6vN77lE9LK6HP2DewaN6HZ","Lil Baby, Drake","Yes Indeed","Quality Control Music, LLC",2,151,1211,"309519"
190,"spotify:track:4MjDJD8cW7iVeWInc2Bdyj","Bad Bunny","MONACO","Rimas Entertainment LLC",1,158,124,"309460"
191,"spotify:track:7rbECVPkY5UODxoOUVKZnA","Kanye West","I Wonder","Roc-A-Fella",53,197,330,"309030"
192,"spotify:track:6Qyc6fS4DsZjB2mRW9DsQs","The Goo Goo Dolls","Iris","Warner Records",103,-1,115,"308995"
193,"spotify:track:1DgtQlVNotingln271ZKCx","Chris Stapleton","White Horse","Mercury Nashville",35,199,91,"308603"
194,"spotify:track:34sOdxWu9FljH84UXdRwu1","Olivia Rodrigo","all-american bitch","Olivia Rodrigo PS",1,-1,63,"308139"
195,"spotify:track:0VjIjW4GlUZAMYd2vXMi3b","The Weeknd","Blinding Lights","Republic Records",1,174,1289,"307861"
196,"spotify:track:2h4MTQZP8quVwuwrtIPErD","Jeremy Jordan, Amir Talai, Erika Henningsen, Kimiko Glenn, Andrew Underberg, Sam Haft","Hell’s Greatest Dad","A24 Music",89,-1,25,"307628"
197,"spotify:track:0B7wvvmu9EISAwZnOpjhNI","Bruno Mars","When I Was Your Man","Atlantic Records",81,192,134,"306891"
198,"spotify:track:4tqcoej1zPvwePZCzuAjJd","J. Cole","Wet Dreamz","Roc Nation Records LLC",63,173,838,"306529"
199,"spotify:track:4fYte8ZvTK14NEhAOZocBi","OneRepublic","I Ain't Worried","Mosley Music/Interscope Records",6,168,484,"306136"
200,"spotify:track:7bywjHOc0wSjGGbj04XbVi","Feid, ATL Jacob","LUNA","UMLE - Latino",137,152,36,"305705"
